0, 0.93978, 0.341781, 0.000403049, -0.341781, 0.93978, 4.60772e-06, -0.000377203, -0.000142085, 1; 
0.01, 0.93978, 0.341781, 0.000228416, -0.341781, 0.93978, -0.000141434, -0.000263, 5.48487e-05, 1; 
0.02, 0.948194, 0.317692, 0.000651193, -0.317693, 0.948193, 0.00137489, -0.000180669, -0.00151054, 0.999999; 
0.03, 0.955767, 0.294114, 0.00247989, -0.294124, 0.955738, 0.00746074, -0.000175805, -0.00786013, 0.999969; 
0.04, 0.962174, 0.272413, 0.00363513, -0.272437, 0.962097, 0.0121757, -0.000180514, -0.0127055, 0.999919; 
0.05, 0.967653, 0.25225, 0.00422307, -0.252285, 0.967527, 0.0156426, -0.000140087, -0.0162021, 0.999869; 
0.06, 0.97236, 0.233461, 0.0035109, -0.233487, 0.972231, 0.0158479, 0.000286458, -0.0162297, 0.999868; 
0.07, 0.976416, 0.215862, 0.00393263, -0.215898, 0.976235, 0.0188147, 0.000222204, -0.01922, 0.999815; 
0.08, 0.979917, 0.19938, 0.00334152, -0.199407, 0.979737, 0.0187889, 0.000472246, -0.0190779, 0.999818; 
0.09, 0.982936, 0.18393, 0.00273829, -0.183949, 0.982756, 0.0188018, 0.00076714, -0.0189847, 0.99982; 
0.1, 0.985536, 0.169454, 0.00192478, -0.169461, 0.985372, 0.0180068, 0.00115472, -0.0180725, 0.999836; 
0.11, 0.987773, 0.155896, 0.00108307, -0.155892, 0.987631, 0.0168434, 0.00155619, -0.0168063, 0.999858; 
0.12, 0.98969, 0.143224, 0.000197375, -0.14321, 0.989572, 0.0154325, 0.00201502, -0.0153017, 0.999881; 
0.13, 0.991329, 0.1314, -0.000776088, -0.131377, 0.99124, 0.0135061, 0.00254404, -0.013287, 0.999908; 
0.14, 0.992726, 0.120387, -0.00148902, -0.12036, 0.992657, 0.0120979, 0.00293454, -0.0118307, 0.999926; 
0.15, 0.993912, 0.110151, -0.00226442, -0.110123, 0.993865, 0.0102219, 0.00337645, -0.00991031, 0.999945; 
0.16, 0.994917, 0.100659, -0.00283806, -0.100631, 0.994886, 0.00870795, 0.00370006, -0.00837808, 0.999958; 
0.17, 0.995765, 0.0918807, -0.00330986, -0.0918545, 0.995745, 0.00735339, 0.00397141, -0.00701823, 0.999968; 
0.18, 0.996478, 0.083777, -0.00371899, -0.083754, 0.996468, 0.0059973, 0.00420825, -0.00566473, 0.999975; 
0.19, 0.997075, 0.0763157, -0.00428877, -0.0762983, 0.997077, 0.00408624, 0.00458807, -0.00374709, 0.999982; 
0.2, 0.997575, 0.0694507, -0.0044875, -0.0694377, 0.997582, 0.00297936, 0.00468358, -0.00266055, 0.999985; 
0.21, 0.997992, 0.063168, -0.00478511, -0.063161, 0.998002, 0.00159961, 0.00487658, -0.00129423, 0.999987; 
0.22, 0.998338, 0.0574095, -0.00496969, -0.057409, 0.998351, 0.000256785, 0.0049762, 2.89149e-05, 0.999988; 
0.23, 0.998625, 0.0521813, -0.00506404, -0.0521851, 0.998637, -0.000620395, 0.00502476, 0.000883766, 0.999987; 
0.24, 0.998861, 0.0474168, -0.00524402, -0.0474276, 0.998873, -0.0019631, 0.00514501, 0.00220958, 0.999984; 
0.25, 0.999059, 0.0430952, -0.00486118, -0.0431046, 0.999069, -0.00185027, 0.00477691, 0.00205805, 0.999986; 
0.26, 0.99922, 0.0391874, -0.0049688, -0.0392036, 0.999226, -0.00319226, 0.00483986, 0.00338457, 0.999983; 
0.27, 0.999352, 0.0356909, -0.00470593, -0.0357066, 0.999357, -0.00327634, 0.00458596, 0.00344221, 0.999984; 
0.28, 0.999459, 0.0325673, -0.00465293, -0.0325855, 0.999461, -0.00388359, 0.00452392, 0.00403312, 0.999982; 
0.29, 0.999547, 0.0297915, -0.00423805, -0.0298061, 0.99955, -0.00343492, 0.0041338, 0.00355971, 0.999985; 
0.3, 0.999618, 0.0273324, -0.00401692, -0.0273466, 0.99962, -0.00353027, 0.00391891, 0.00363879, 0.999986; 
0.31, 0.999677, 0.0251586, -0.00366941, -0.0251709, 0.999678, -0.00335686, 0.00358378, 0.00344814, 0.999988; 
0.32, 0.999723, 0.023259, -0.0034762, -0.0232714, 0.999723, -0.00355233, 0.00339263, 0.00363222, 0.999988; 
0.33, 0.999761, 0.0216034, -0.00324536, -0.0216154, 0.999759, -0.00371538, 0.00316434, 0.00378465, 0.999988; 
0.34, 0.999792, 0.0202009, -0.00297017, -0.0202111, 0.99979, -0.00344786, 0.00289989, 0.0035072, 0.99999; 
0.35, 0.999815, 0.0190058, -0.0028384, -0.0190159, 0.999813, -0.00358975, 0.00276966, 0.00364304, 0.99999; 
0.36, 0.999834, 0.0180064, -0.00267169, -0.0180157, 0.999832, -0.00350506, 0.00260812, 0.00355267, 0.99999; 
0.37, 0.999849, 0.017187, -0.00246567, -0.0171947, 0.999847, -0.00308966, 0.0024122, 0.00313161, 0.999992; 
0.38, 0.999861, 0.0164943, -0.00232862, -0.0165017, 0.999859, -0.00320369, 0.00227544, 0.00324167, 0.999992; 
0.39, 0.999871, 0.015933, -0.00205623, -0.0159389, 0.999869, -0.00288024, 0.00201006, 0.00291262, 0.999994; 
0.4, 0.999878, 0.0154963, -0.00180015, -0.0155003, 0.999877, -0.00220135, 0.00176576, 0.00222899, 0.999996; 
0.41, 0.999884, 0.0151294, -0.00170702, -0.0151334, 0.999883, -0.00234753, 0.00167134, 0.00237305, 0.999996; 
0.42, 0.999889, 0.01483, -0.00141436, -0.014833, 0.999888, -0.0020705, 0.00138354, 0.00209126, 0.999997; 
0.43, 0.999893, 0.0145798, -0.00101343, -0.0145816, 0.999892, -0.00177004, 0.00098756, 0.00178462, 0.999998; 
0.44, 0.999897, 0.0143636, -0.000775189, -0.0143654, 0.999894, -0.00239313, 0.000740737, 0.00240402, 0.999997; 
0.45, 0.999899, 0.0141887, -0.00065443, -0.01419, 0.999897, -0.00208381, 0.000624836, 0.0020929, 0.999998; 
0.46, 0.999902, 0.014009, -0.000305445, -0.0140096, 0.999899, -0.0022963, 0.000273198, 0.00230037, 0.999997; 
0.47, 0.999904, 0.0138369, 0.000204265, -0.0138365, 0.999903, -0.00154703, -0.000225633, 0.00154404, 0.999999; 
0.48, 0.999907, 0.013639, 0.000228375, -0.0136385, 0.999906, -0.00163929, -0.000250697, 0.00163601, 0.999999; 
0.49, 0.99991, 0.0134185, 0.000383943, -0.0134178, 0.999908, -0.00185561, -0.000408828, 0.00185031, 0.999998; 
0.5, 0.999913, 0.0131515, 0.000588327, -0.0131507, 0.999913, -0.00136137, -0.000606149, 0.00135352, 0.999999; 
0.51, 0.999917, 0.0128651, 0.000766962, -0.012864, 0.999916, -0.0015622, -0.000787049, 0.00155223, 0.999998; 
0.52, 0.999921, 0.01253, 0.000942468, -0.0125286, 0.99992, -0.00150633, -0.000961274, 0.00149441, 0.999998; 
0.53, 0.999925, 0.0121555, 0.0013963, -0.0121543, 0.999926, -0.000832133, -0.00140634, 0.000815117, 0.999999; 
0.54, 0.99993, 0.0117643, 0.00153768, -0.0117622, 0.99993, -0.00141948, -0.00155425, 0.00140133, 0.999998; 
0.55, 0.999933, 0.0113466, 0.00226524, -0.0113454, 0.999935, -0.000550845, -0.00227138, 0.000525127, 0.999997; 
0.56, 0.999936, 0.0109163, 0.00286329, -0.0109155, 0.99994, -0.000311489, -0.00286657, 0.000280253, 0.999996; 
0.57, 0.999938, 0.0104982, 0.00362244, -0.010498, 0.999945, -6.0413e-05, -0.0036228, 2.24263e-05, 0.999993; 
0.58, 0.999945, 0.00986422, 0.00362295, -0.00986391, 0.999951, -9.9136e-05, -0.00362378, 6.34718e-05, 0.999993; 
0.59, 0.999951, 0.00919624, 0.0036619, -0.00919559, 0.999958, -0.000192155, -0.00366348, 0.000158504, 0.999993; 
0.6, 0.999956, 0.00859135, 0.00390404, -0.00858992, 0.999963, -0.000390222, -0.00390726, 0.000356668, 0.999992; 
0.61, 0.99996, 0.0079422, 0.0040724, -0.00794037, 0.999968, -0.000474964, -0.004076, 0.000442573, 0.999992; 
0.62, 0.999964, 0.00734757, 0.00437286, -0.007345, 0.999973, -0.000619062, -0.00437728, 0.000586921, 0.99999; 
0.63, 0.999968, 0.00664632, 0.0044623, -0.00664371, 0.999978, -0.00060852, -0.00446618, 0.000578859, 0.99999; 
0.64, 0.999971, 0.00595678, 0.00474575, -0.00595615, 0.999982, -0.000150673, -0.00474659, 0.000122377, 0.999989; 
0.65, 0.999974, 0.00531016, 0.00497222, -0.00531015, 0.999986, -1.73614e-05, -0.00497213, -9.03608e-06, 0.999988; 
0.66, 0.999978, 0.00459352, 0.0047726, -0.00459094, 0.999989, -0.00055192, -0.00477499, 0.000529939, 0.999988; 
0.67, 0.999981, 0.00389874, 0.00475517, -0.00389586, 0.999992, -0.00061035, -0.00475755, 0.000591809, 0.999988; 
0.68, 0.999983, 0.00328205, 0.00488585, -0.00327958, 0.999994, -0.000514404, -0.00488752, 0.000498408, 0.999988; 
0.69, 0.999985, 0.00265239, 0.00485334, -0.00264925, 0.999996, -0.000640946, -0.00485495, 0.000628003, 0.999988; 
0.7, 0.999986, 0.00204254, 0.00482365, -0.00203918, 0.999998, -0.000702363, -0.00482515, 0.000692525, 0.999988; 
0.71, 0.999986, 0.00151678, 0.00504535, -0.00151538, 0.999999, -0.000285299, -0.00504568, 0.000277647, 0.999987; 
0.72, 0.999986, 0.0010547, 0.00515124, -0.00105328, 0.999999, -0.000279461, -0.00515145, 0.000274071, 0.999987; 
0.73, 0.999986, 0.000565286, 0.00520584, -0.000564573, 1, -0.000129701, -0.00520584, 0.000126668, 0.999986; 
0.74, 0.999987, 5.26708e-05, 0.00507334, -5.13636e-05, 1, -0.00025419, -0.00507322, 0.000253894, 0.999987; 
0.75, 0.999987, -0.000434106, 0.00498924, 0.000435173, 1, -0.000202028, -0.00498912, 0.000204094, 0.999987; 
0.76, 0.999987, -0.000891616, 0.00494602, 0.000891648, 1, -5.12419e-06, -0.00494599, 9.45486e-06, 0.999988; 
0.77, 0.999988, -0.00131932, 0.0047321, 0.00132053, 0.999999, -0.000249855, -0.00473171, 0.000256069, 0.999989; 
0.78, 0.999987, -0.00171114, 0.00476354, 0.0017103, 0.999998, 0.000184938, -0.00476387, -0.000176751, 0.999989; 
0.79, 0.999987, -0.00208273, 0.00457031, 0.00208254, 0.999998, 5.32285e-05, -0.00457036, -4.37136e-05, 0.99999; 
0.8, 0.999988, -0.00243006, 0.00423568, 0.00243191, 0.999997, -0.000434099, -0.00423464, 0.000444329, 0.999991; 
0.81, 0.999988, -0.00276648, 0.00405735, 0.00276823, 0.999996, -0.000421172, -0.00405619, 0.000432348, 0.999992; 
0.82, 0.999988, -0.0030678, 0.00383604, 0.00307001, 0.999995, -0.000548411, -0.00383434, 0.00056011, 0.999992; 
0.83, 0.999987, -0.00333751, 0.00377175, 0.00333851, 0.999995, -0.000254865, -0.00377092, 0.000267301, 0.999993; 
0.84, 0.999987, -0.00370685, 0.00363123, 0.00370605, 0.999993, 0.000235813, -0.00363204, -0.000222441, 0.999993; 
0.85, 0.999986, -0.00391962, 0.00347859, 0.00391867, 0.999992, 0.000278799, -0.0034796, -0.000265118, 0.999994; 
0.86, 0.999987, -0.00406956, 0.00325021, 0.00406955, 0.999992, 1.52556e-05, -0.00325024, -2.11342e-06, 0.999995; 
0.87, 0.999987, -0.00422967, 0.00298718, 0.00423038, 0.999991, -0.00022665, -0.00298619, 0.000239374, 0.999995; 
0.88, 0.999987, -0.00428977, 0.00280148, 0.00429119, 0.999991, -0.000489265, -0.0027993, 0.000501306, 0.999996; 
0.89, 0.999987, -0.0043697, 0.00261819, 0.00437132, 0.99999, -0.00060898, -0.00261548, 0.000620425, 0.999996; 
0.9, 0.999988, -0.00439591, 0.00237766, 0.00439828, 0.99999, -0.000976595, -0.0023734, 0.000987023, 0.999997; 
0.91, 0.999988, -0.00444124, 0.00226966, 0.00444321, 0.99999, -0.000845193, -0.00226584, 0.000855355, 0.999997; 
0.92, 0.999988, -0.00452022, 0.00203738, 0.00452207, 0.999989, -0.000878234, -0.00203344, 0.0008876, 0.999997; 
0.93, 0.999988, -0.00453822, 0.00173131, 0.00454031, 0.999989, -0.00121293, -0.00172576, 0.00122085, 0.999998; 
0.94, 0.999989, -0.00453199, 0.00141192, 0.00453422, 0.999989, -0.00156741, -0.00140479, 0.00157386, 0.999998; 
0.95, 0.999989, -0.00449235, 0.00103863, 0.00449459, 0.999988, -0.00208223, -0.00102925, 0.00208699, 0.999997; 
0.96, 0.99999, -0.0043257, 0.000754744, 0.00432772, 0.999987, -0.00264528, -0.000743255, 0.00264856, 0.999996; 
0.97, 0.999991, -0.00416265, 0.000597403, 0.0041643, 0.999987, -0.00276193, -0.000585899, 0.00276446, 0.999996; 
0.98, 0.999992, -0.00392612, 0.000533477, 0.00392759, 0.999988, -0.00275391, -0.000522643, 0.00275599, 0.999996; 
0.99, 0.999993, -0.00365737, 0.000439137, 0.00365861, 0.999989, -0.00283232, -0.000428766, 0.00283386, 0.999996; 
1, 0.999994, -0.00337177, 0.000333376, 0.00337276, 0.99999, -0.00289123, -0.000323638, 0.0028923, 0.999996; 
1.01, 0.999995, -0.00303097, 0.000407629, 0.00303202, 0.999992, -0.00252266, -0.000399999, 0.00252395, 0.999997; 
1.02, 0.999996, -0.00263702, 0.000596255, 0.00263816, 0.999995, -0.00190976, -0.000591211, 0.00191121, 0.999998; 
1.03, 0.999997, -0.00220401, 0.000578229, 0.00220509, 0.999996, -0.00189217, -0.000574037, 0.00189345, 0.999998; 
1.04, 0.999998, -0.00175797, 0.000688406, 0.00175897, 0.999997, -0.00146668, -0.000685811, 0.00146787, 0.999999; 
1.05, 0.999999, -0.00129081, 0.00083485, 0.0012916, 0.999999, -0.000926223, -0.000833646, 0.000927313, 0.999999; 
1.06, 0.999999, -0.000779451, 0.000814695, 0.000780179, 0.999999, -0.000919359, -0.00081398, 0.00092004, 0.999999; 
1.07, 1, -0.000252648, 0.000870783, 0.000253313, 1, -0.00069361, -0.000870619, 0.00069375, 0.999999; 
1.08, 1, 0.000335037, 0.000913419, -0.000334429, 1, -0.000675026, -0.000913627, 0.000674675, 0.999999; 
1.09, 0.999999, 0.000914033, 0.000824876, -0.000913232, 0.999999, -0.000968296, -0.000825748, 0.000967512, 0.999999; 
1.1, 0.999999, 0.00151725, 0.000824973, -0.00151633, 0.999998, -0.00110118, -0.000826597, 0.00109989, 0.999999; 
1.11, 0.999998, 0.00207944, 0.000674248, -0.00207841, 0.999997, -0.00151813, -0.000677317, 0.00151674, 0.999999; 
1.12, 0.999996, 0.00264268, 0.000752225, -0.00264162, 0.999996, -0.00134458, -0.000755757, 0.00134254, 0.999999; 
1.13, 0.999995, 0.00311671, 0.00068748, -0.00311581, 0.999994, -0.00127089, -0.000691414, 0.00126872, 0.999999; 
1.14, 0.999993, 0.00358382, 0.000719219, -0.0035831, 0.999993, -0.000964031, -0.000722662, 0.000961428, 0.999999; 
1.15, 0.999992, 0.00399484, 0.000711232, -0.00399437, 0.999992, -0.0006193, -0.000713706, 0.000616435, 1; 
1.16, 0.99999, 0.00443866, 0.000708163, -0.00443828, 0.99999, -0.00051467, -0.000710443, 0.000511441, 1; 
1.17, 0.999988, 0.00480502, 0.000515967, -0.00480465, 0.999988, -0.000730497, -0.000519395, 0.000727984, 1; 
1.18, 0.999987, 0.00514801, 0.00070852, -0.00514808, 0.999987, 5.91688e-05, -0.000708163, -6.2762e-05, 1; 
1.19, 0.999985, 0.00542465, 0.000461519, -0.00542458, 0.999985, -0.000242709, -0.00046286, 0.000240267, 1; 
1.2, 0.999984, 0.00565133, 0.000392645, -0.00565135, 0.999984, -1.95735e-05, -0.000392735, 1.73454e-05, 1; 
1.21, 0.999983, 0.00582295, 0.000398546, -0.00582312, 0.999983, 0.000439621, -0.000396013, -0.000441879, 1; 
1.22, 0.999982, 0.00592909, 0.000225574, -0.00592918, 0.999982, 0.000478945, -0.000222713, -0.000480325, 1; 
1.23, 0.999982, 0.00596737, 0.000318318, -0.0059678, 0.999981, 0.00132921, -0.000310421, -0.00133103, 0.999999; 
1.24, 0.999982, 0.00595178, 0.000161886, -0.00595201, 0.999981, 0.00147607, -0.000153035, -0.00147694, 0.999999; 
1.25, 0.999983, 0.00587372, -5.75783e-05, -0.00587362, 0.999982, 0.00147165, 6.62802e-05, -0.00147122, 0.999999; 
1.26, 0.999984, 0.00571861, -0.000397504, -0.00571801, 0.999983, 0.00125625, 0.000404656, -0.00125396, 0.999999; 
1.27, 0.999985, 0.00549639, -0.00068447, -0.00549549, 0.999984, 0.00123011, 0.000691265, -0.00122631, 0.999999; 
1.28, 0.999986, 0.00521464, -0.00100571, -0.00521351, 0.999986, 0.00108237, 0.00101137, -0.00107703, 0.999999; 
1.29, 0.999987, 0.00488623, -0.00133619, -0.00488518, 0.999988, 0.000752294, 0.00133985, -0.000745687, 0.999999; 
1.3, 0.999989, 0.0044795, -0.001533, -0.00447803, 0.99999, 0.000948508, 0.0015372, -0.000941578, 0.999998; 
1.31, 0.99999, 0.00401265, -0.00190124, -0.00401128, 0.999992, 0.000726744, 0.00190428, -0.000719133, 0.999998; 
1.32, 0.999992, 0.00350331, -0.00204811, -0.0035013, 0.999994, 0.000975387, 0.00205165, -0.000968251, 0.999997; 
1.33, 0.999993, 0.00294623, -0.00255048, -0.00294569, 0.999996, 0.000201793, 0.00255114, -0.000194225, 0.999997; 
1.34, 0.999993, 0.00234045, -0.00286958, -0.00234047, 0.999997, -6.2178e-06, 0.00286952, 1.30202e-05, 0.999996; 
1.35, 0.999994, 0.00171071, -0.00313962, -0.00171185, 0.999999, -0.000367921, 0.00313902, 0.000373271, 0.999995; 
1.36, 0.999994, 0.00103914, -0.00334421, -0.00104046, 0.999999, -0.000391579, 0.00334376, 0.000395026, 0.999994; 
1.37, 0.999994, 0.000349118, -0.00344902, -0.000350029, 1, -0.000272749, 0.00344896, 0.000273955, 0.999994; 
1.38, 0.999992, -0.000359484, -0.00387394, 0.000355724, 0.999999, -0.000991469, 0.00387421, 0.000990105, 0.999992; 
1.39, 0.999991, -0.001076, -0.00407684, 0.00107133, 0.999999, -0.00116033, 0.004078, 0.00115595, 0.999991; 
1.4, 0.999988, -0.00179306, -0.00449711, 0.00178432, 0.999996, -0.00196975, 0.00450063, 0.00196172, 0.999988; 
1.41, 0.999986, -0.00250299, -0.00454652, 0.00249446, 0.999995, -0.00189679, 0.0045512, 0.0018854, 0.999988; 
1.42, 0.999984, -0.00319909, -0.00461254, 0.00319009, 0.999993, -0.00195286, 0.00461873, 0.00193811, 0.999987; 
1.43, 0.99998, -0.00387392, -0.00492841, 0.00386067, 0.999989, -0.00269531, 0.00493878, 0.00267622, 0.999984; 
1.44, 0.999978, -0.00451639, -0.00493923, 0.00450422, 0.999987, -0.0024814, 0.00495031, 0.0024591, 0.999985; 
1.45, 0.999975, -0.00512659, -0.00487065, 0.0051156, 0.999984, -0.00226666, 0.00488225, 0.00224169, 0.999986; 
1.46, 0.999972, -0.0057004, -0.00492182, 0.00568826, 0.999981, -0.00247448, 0.00493583, 0.00244641, 0.999985; 
1.47, 0.999968, -0.00623567, -0.00495112, 0.00622206, 0.999977, -0.00276253, 0.0049682, 0.00273162, 0.999984; 
1.48, 0.999966, -0.00672015, -0.00481844, 0.00670773, 0.999974, -0.00257707, 0.00483567, 0.00254464, 0.999985; 
1.49, 0.999963, -0.00715246, -0.00489345, 0.00713773, 0.99997, -0.00302827, 0.00491491, 0.00299321, 0.999984; 
1.5, 0.999961, -0.00753829, -0.00472337, 0.00752409, 0.999967, -0.00300557, 0.00474592, 0.00296989, 0.999984; 
1.51, 0.999958, -0.00786332, -0.00477564, 0.00784632, 0.999963, -0.00356955, 0.00480351, 0.00353194, 0.999982; 
1.52, 0.999956, -0.00812914, -0.00468546, 0.00811128, 0.99996, -0.00380882, 0.00471626, 0.00377067, 0.999982; 
1.53, 0.999955, -0.00832597, -0.00455096, 0.00830827, 0.999958, -0.00387795, 0.00458305, 0.00383997, 0.999982; 
1.54, 0.999954, -0.00845047, -0.00454692, 0.00843123, 0.999956, -0.00422987, 0.00458247, 0.00419133, 0.999981; 
1.55, 0.999954, -0.00851103, -0.00435817, 0.00849314, 0.999955, -0.00412246, 0.00439307, 0.00408525, 0.999982; 
1.56, 0.999955, -0.00851491, -0.00419798, 0.00849718, 0.999955, -0.00423671, 0.00423387, 0.00420084, 0.999982; 
1.57, 0.999957, -0.00843442, -0.00395121, 0.00841915, 0.999957, -0.00387084, 0.00398368, 0.00383737, 0.999985; 
1.58, 0.999958, -0.00830909, -0.00384279, 0.00829306, 0.999957, -0.00416324, 0.00387722, 0.00413116, 0.999984; 
1.59, 0.99996, -0.00810586, -0.00370114, 0.0080904, 0.999959, -0.00417846, 0.00373484, 0.00414831, 0.999985; 
1.6, 0.999964, -0.00785482, -0.00320853, 0.00784367, 0.999963, -0.00346237, 0.0032356, 0.00343704, 0.999989; 
1.61, 0.999967, -0.0075281, -0.00296498, 0.00751835, 0.999966, -0.00327116, 0.0029895, 0.00324875, 0.99999; 
1.62, 0.99997, -0.00713366, -0.00288616, 0.00712383, 0.999969, -0.00339717, 0.0029103, 0.0033765, 0.99999; 
1.63, 0.999974, -0.00666847, -0.00264734, 0.00666085, 0.999974, -0.00288248, 0.00266649, 0.00286475, 0.999992; 
1.64, 0.999978, -0.00615931, -0.00250648, 0.00615234, 0.999977, -0.00278532, 0.00252358, 0.00276984, 0.999993; 
1.65, 0.999981, -0.00560715, -0.0024112, 0.00560005, 0.99998, -0.00291177, 0.00242746, 0.00289822, 0.999993; 
1.66, 0.999985, -0.0050171, -0.00213879, 0.00501135, 0.999984, -0.00267575, 0.00215216, 0.00266503, 0.999994; 
1.67, 0.999988, -0.00436191, -0.00219683, 0.00435527, 0.999986, -0.00300559, 0.00220991, 0.00299599, 0.999993; 
1.68, 0.999991, -0.0036507, -0.00221413, 0.00364431, 0.999989, -0.002868, 0.00222458, 0.00285991, 0.999993; 
1.69, 0.999994, -0.00294842, -0.00190754, 0.00294369, 0.999993, -0.0024551, 0.00191478, 0.00244947, 0.999995; 
1.7, 0.999996, -0.00220193, -0.00177816, 0.00219803, 0.999995, -0.00217219, 0.00178292, 0.00216826, 0.999996; 
1.71, 0.999998, -0.00145135, -0.00153893, 0.00144878, 0.999998, -0.00168336, 0.00154139, 0.0016811, 0.999997; 
1.72, 0.999999, -0.000696666, -0.00144683, 0.000694393, 0.999999, -0.00155873, 0.00144799, 0.00155769, 0.999998; 
1.73, 0.999999, 5.31567e-05, -0.00130646, -5.47907e-05, 0.999999, -0.0012558, 0.00130636, 0.00125591, 0.999998; 
1.74, 0.999999, 0.000789729, -0.00127646, -0.000791345, 0.999999, -0.00122835, 0.00127551, 0.00122933, 0.999998; 
1.75, 0.999998, 0.00149967, -0.00131193, -0.00150171, 0.999998, -0.00153247, 0.00130954, 0.00153446, 0.999998; 
1.76, 0.999997, 0.00218677, -0.00128135, -0.0021886, 0.999997, -0.00145041, 0.00127822, 0.0014532, 0.999998; 
1.77, 0.999995, 0.00283348, -0.00133279, -0.00283582, 0.999994, -0.00175647, 0.00132784, 0.00176021, 0.999998; 
1.78, 0.999993, 0.00343593, -0.00125375, -0.00343827, 0.999992, -0.00183743, 0.0012475, 0.00184172, 0.999997; 
1.79, 0.999991, 0.00398964, -0.0010877, -0.00399147, 0.999991, -0.00171244, 0.00108087, 0.00171678, 0.999998; 
1.8, 0.99999, 0.00448871, -0.000926316, -0.00449056, 0.999988, -0.00195785, 0.000917465, 0.001962, 0.999998; 
1.81, 0.999987, 0.00492454, -0.000950992, -0.00492663, 0.999985, -0.00223672, 0.000939965, 0.00224138, 0.999997; 
1.82, 0.999986, 0.00529562, -0.000581324, -0.0052966, 0.999984, -0.00177277, 0.000571877, 0.00177582, 0.999998; 
1.83, 0.999984, 0.00560289, -0.000466734, -0.00560386, 0.999982, -0.00205785, 0.000455171, 0.00206048, 0.999998; 
1.84, 0.999983, 0.00583818, -0.000185669, -0.00583851, 0.999981, -0.00184141, 0.00017491, 0.00184249, 0.999998; 
1.85, 0.999982, 0.00599852, 5.83825e-05, -0.00599842, 0.999981, -0.00165887, -6.83962e-05, 0.0016585, 0.999999; 
1.86, 0.999982, 0.00608605, 0.000288546, -0.0060856, 0.99998, -0.00150693, -0.000297725, 0.00150516, 0.999999; 
1.87, 0.999981, 0.00611359, 0.000635922, -0.00611284, 0.999981, -0.00120881, -0.000643253, 0.0012049, 0.999999; 
1.88, 0.999981, 0.00606418, 0.000857949, -0.0060633, 0.999981, -0.00107316, -0.000864506, 0.00106797, 0.999999; 
1.89, 0.999982, 0.00594405, 0.00107267, -0.0059431, 0.999982, -0.000893172, -0.00107792, 0.000886788, 0.999999; 
1.9, 0.999982, 0.00579987, 0.00132474, -0.0057985, 0.999983, -0.00103081, -0.0013307, 0.0010231, 0.999999; 
1.91, 0.999983, 0.00560931, 0.00168341, -0.00560783, 0.999984, -0.000876764, -0.00168827, 0.000867343, 0.999998; 
1.92, 0.999984, 0.00536387, 0.0019702, -0.00536228, 0.999985, -0.000821441, -0.00197452, 0.000810875, 0.999998; 
1.93, 0.999985, 0.00505937, 0.00221425, -0.00505783, 0.999987, -0.000718053, -0.00221786, 0.000706917, 0.999997; 
1.94, 0.999986, 0.00471883, 0.00251156, -0.00471768, 0.999989, -0.000465264, -0.00251371, 0.000453434, 0.999997; 
1.95, 0.999987, 0.00434323, 0.00267088, -0.00434185, 0.99999, -0.000526103, -0.00267315, 0.000514484, 0.999996; 
1.96, 0.999988, 0.00392256, 0.00282523, -0.00392137, 0.999992, -0.000421261, -0.0028269, 0.000410191, 0.999996; 
1.97, 0.999989, 0.00350827, 0.00301084, -0.00350716, 0.999994, -0.000383164, -0.00301206, 0.00037261, 0.999996; 
1.98, 0.99999, 0.00308112, 0.00319046, -0.00308018, 0.999995, -0.000309629, -0.00319135, 0.000299774, 0.999995; 
1.99, 0.999991, 0.00264842, 0.00333846, -0.00264746, 0.999996, -0.000295332, -0.00333917, 0.000286512, 0.999994; 
2, 0.999992, 0.00221665, 0.00343841, -0.00221532, 0.999997, -0.000391789, -0.00343922, 0.000384159, 0.999994; 
2.01, 0.999992, 0.0017839, 0.00372028, -0.0017842, 0.999999, 6.83569e-05, -0.00372019, -7.50501e-05, 0.999993; 
2.02, 0.999992, 0.00134788, 0.00371093, -0.0013472, 0.999999, -0.000183442, -0.0037111, 0.000178404, 0.999993; 
2.03, 0.999992, 0.000936249, 0.00379759, -0.000935439, 1, -0.000207426, -0.00379774, 0.000203825, 0.999993; 
2.04, 0.999992, 0.000517393, 0.00395307, -0.000517802, 1, 9.793e-05, -0.00395295, -0.00010001, 0.999992; 
2.05, 0.999992, 0.000142032, 0.00405309, -0.000142621, 1, 0.000149738, -0.00405303, -0.000150316, 0.999992; 
2.06, 0.999992, -0.000261119, 0.00390685, 0.000261995, 1, -0.000221146, -0.00390673, 0.000222064, 0.999992; 
2.07, 0.999993, -0.000629312, 0.00378478, 0.000631457, 1, -0.00057196, -0.00378442, 0.000574297, 0.999993; 
2.08, 0.999993, -0.00100575, 0.00360632, 0.00100911, 0.999999, -0.000920012, -0.00360537, 0.00092352, 0.999993; 
2.09, 0.999993, -0.00137725, 0.00345051, 0.00138112, 0.999999, -0.00111766, -0.00344896, 0.00112242, 0.999993; 
2.1, 0.999993, -0.00167964, 0.00330934, 0.00168446, 0.999997, -0.00144928, -0.00330695, 0.00145481, 0.999993; 
2.11, 0.999993, -0.00198831, 0.00325391, 0.00199292, 0.999997, -0.00139976, -0.00325111, 0.0014062, 0.999994; 
2.12, 0.999992, -0.00227713, 0.00321689, 0.00228126, 0.999997, -0.00127118, -0.00321394, 0.00127846, 0.999994; 
2.13, 0.999992, -0.00254058, 0.00318891, 0.00254413, 0.999996, -0.00110624, -0.00318605, 0.00111428, 0.999994; 
2.14, 0.999992, -0.00282866, 0.00294182, 0.00283262, 0.999995, -0.00134127, -0.00293797, 0.00134957, 0.999995; 
2.15, 0.999991, -0.00306199, 0.00282735, 0.0030657, 0.999994, -0.00131561, -0.00282323, 0.00132424, 0.999995; 
2.16, 0.999991, -0.0032685, 0.00268099, 0.00327219, 0.999994, -0.00137524, -0.00267649, 0.0013839, 0.999995; 
2.17, 0.999991, -0.00347699, 0.00253993, 0.00348039, 0.999993, -0.00131959, -0.00253528, 0.00132835, 0.999996; 
2.18, 0.999991, -0.00366698, 0.00237262, 0.00367015, 0.999992, -0.00131148, -0.00236776, 0.00132013, 0.999996; 
2.19, 0.99999, -0.00381329, 0.00225085, 0.0038161, 0.999992, -0.00124267, -0.00224611, 0.00125125, 0.999997; 
2.2, 0.99999, -0.0039198, 0.00209135, 0.0039226, 0.999991, -0.00132751, -0.00208607, 0.00133565, 0.999997; 
2.21, 0.99999, -0.00404751, 0.00171077, 0.00405067, 0.99999, -0.0018592, -0.0017032, 0.00186595, 0.999997; 
2.22, 0.999991, -0.00412225, 0.00141409, 0.00412546, 0.999989, -0.00225975, -0.0014047, 0.00226548, 0.999996; 
2.23, 0.999991, -0.00416548, 0.00113913, 0.00416847, 0.999988, -0.00262773, -0.00112814, 0.00263244, 0.999996; 
2.24, 0.999991, -0.0041709, 0.000948429, 0.00417357, 0.999987, -0.00281395, -0.000936627, 0.00281787, 0.999996; 
2.25, 0.999991, -0.00417481, 0.000893831, 0.00417704, 0.999988, -0.00254775, -0.000883162, 0.00255152, 0.999996; 
2.26, 0.999992, -0.0040787, 0.000768721, 0.00408075, 0.999988, -0.00273015, -0.000757545, 0.00273323, 0.999996; 
2.27, 0.999992, -0.0039808, 0.000843838, 0.00398271, 0.99999, -0.00227145, -0.000834808, 0.00227478, 0.999997; 
2.28, 0.999992, -0.00383859, 0.00097844, 0.0038402, 0.999991, -0.00170693, -0.000971854, 0.00171071, 0.999998; 
2.29, 0.999993, -0.00370669, 0.000989214, 0.00370799, 0.999992, -0.00134919, -0.000984207, 0.0013529, 0.999999; 
2.3, 0.999994, -0.00353449, 0.000753954, 0.00353574, 0.999992, -0.00170179, -0.000747889, 0.00170439, 0.999998; 
2.31, 0.999994, -0.00332067, 0.000727236, 0.00332174, 0.999993, -0.00152227, -0.000722155, 0.00152465, 0.999999; 
2.32, 0.999995, -0.00307352, 0.000499353, 0.00307447, 0.999993, -0.00192423, -0.000493422, 0.00192567, 0.999998; 
2.33, 0.999996, -0.00277765, 0.000421763, 0.00277853, 0.999994, -0.00199527, -0.000416212, 0.00199639, 0.999998; 
2.34, 0.999997, -0.00245718, 0.000332587, 0.0024579, 0.999995, -0.00210694, -0.000327416, 0.00210773, 0.999998; 
2.35, 0.999998, -0.00209621, 0.000266656, 0.00209683, 0.999995, -0.00222091, -0.00026197, 0.00222151, 0.999997; 
2.36, 0.999999, -0.00172472, 0.000126172, 0.00172507, 0.999995, -0.00250437, -0.000121817, 0.00250451, 0.999997; 
2.37, 0.999999, -0.00134354, 9.88339e-05, 0.00134378, 0.999996, -0.00244115, -9.55553e-05, 0.00244121, 0.999997; 
2.38, 1, -0.000919541, 0.000143973, 0.000919899, 0.999997, -0.0022778, -0.000141849, 0.00227792, 0.999997; 
2.39, 1, -0.000478399, 0.000134824, 0.000478705, 0.999997, -0.00227719, -0.000133721, 0.00227718, 0.999997; 
2.4, 1, -3.64992e-05, 0.000164542, 3.68776e-05, 0.999998, -0.00212533, -0.000164438, 0.00212528, 0.999998; 
2.41, 1, 0.000429678, 0.000232831, -0.000429184, 0.999998, -0.00192997, -0.00023365, 0.00192983, 0.999998; 
2.42, 1, 0.000892162, 0.000228211, -0.000891707, 0.999998, -0.00190525, -0.000229888, 0.00190512, 0.999998; 
2.43, 0.999999, 0.00135696, 0.000170007, -0.00135661, 0.999997, -0.00203325, -0.000172801, 0.00203292, 0.999998; 
2.44, 0.999998, 0.0018068, 8.22245e-05, -0.00180663, 0.999996, -0.00219728, -8.61434e-05, 0.00219715, 0.999998; 
2.45, 0.999998, 0.00224346, -2.10852e-05, -0.00224351, 0.999995, -0.0023852, 1.57805e-05, 0.00238524, 0.999997; 
2.46, 0.999997, 0.00265236, -6.46712e-05, -0.0026525, 0.999994, -0.00234426, 5.84873e-05, 0.00234441, 0.999997; 
2.47, 0.999995, 0.00305461, -0.000173822, -0.00305499, 0.999992, -0.00253256, 0.000166044, 0.00253305, 0.999997; 
2.48, 0.999994, 0.00342887, -0.000147224, -0.00342927, 0.999991, -0.002318, 0.000139296, 0.00231857, 0.999997; 
2.49, 0.999993, 0.00375985, -0.000184193, -0.0037603, 0.99999, -0.00218892, 0.000175968, 0.00218967, 0.999998; 
2.5, 0.999992, 0.00406287, -0.000222191, -0.00406331, 0.99999, -0.00205939, 0.000213817, 0.00206027, 0.999998; 
2.51, 0.999991, 0.00432349, -0.000218168, -0.00432392, 0.999989, -0.00175792, 0.000210568, 0.00175885, 0.999999; 
2.52, 0.99999, 0.00454604, -0.00027892, -0.00454647, 0.999988, -0.00161628, 0.000271559, 0.00161758, 0.999999; 
2.53, 0.999989, 0.00472203, -0.000199378, -0.00472224, 0.999988, -0.00104024, 0.00019446, 0.00104115, 0.999999; 
2.54, 0.999988, 0.00485138, -0.000209153, -0.00485151, 0.999988, -0.000677339, 0.000205904, 0.000678302, 1; 
2.55, 0.999988, 0.0049414, -0.000375331, -0.00494171, 0.999987, -0.000771268, 0.000371516, 0.000773133, 1; 
2.56, 0.999988, 0.00497362, -0.00023827, -0.00497359, 0.999988, 4.5057e-05, 0.000238538, -4.38684e-05, 1; 
2.57, 0.999988, 0.004961, -0.000326634, -0.00496095, 0.999988, 0.000215047, 0.000327706, -0.000213325, 1; 
2.58, 0.999988, 0.00488424, -0.000373244, -0.00488398, 0.999988, 0.000613812, 0.000376224, -0.000611991, 1; 
2.59, 0.999989, 0.0047679, -0.000431389, -0.00476748, 0.999988, 0.000899953, 0.00043571, -0.000897825, 1; 
2.6, 0.999989, 0.00459087, -0.000458807, -0.00459028, 0.999989, 0.00134834, 0.000464946, -0.00134617, 0.999999; 
2.61, 0.99999, 0.00436673, -0.000649929, -0.00436585, 0.99999, 0.00132459, 0.000655681, -0.0013217, 0.999999; 
2.62, 0.999992, 0.00408697, -0.000717968, -0.0040857, 0.99999, 0.00170225, 0.000724971, -0.00169933, 0.999998; 
2.63, 0.999992, 0.00376522, -0.00106016, -0.00376381, 0.999992, 0.00127398, 0.00106496, -0.00126997, 0.999999; 
2.64, 0.999994, 0.00339988, -0.00117928, -0.00339814, 0.999993, 0.00141856, 0.00118411, -0.0014146, 0.999998; 
2.65, 0.999995, 0.00299481, -0.00140432, -0.00299309, 0.999995, 0.00122465, 0.00140801, -0.00122038, 0.999998; 
2.66, 0.999995, 0.00254677, -0.00166178, -0.00254511, 0.999996, 0.00100409, 0.00166434, -0.00099981, 0.999998; 
2.67, 0.999996, 0.00207524, -0.00186998, -0.00207385, 0.999998, 0.000721769, 0.00187141, -0.000717865, 0.999998; 
2.68, 0.999996, 0.00156838, -0.00217453, -0.00156778, 0.999999, 0.000256092, 0.00217491, -0.000252695, 0.999998; 
2.69, 0.999997, 0.00103772, -0.00236219, -0.00103741, 1, 0.000119776, 0.00236237, -0.000117333, 0.999997; 
2.7, 0.999997, 0.000492005, -0.00255743, -0.000492282, 1, -0.00013202, 0.0025574, 0.000133275, 0.999997; 
2.71, 0.999996, -6.7046e-05, -0.00284135, 6.52392e-05, 1, -0.000632029, 0.00284129, 0.000631823, 0.999996; 
2.72, 0.999996, -0.000633059, -0.00291505, 0.000631565, 1, -0.0005311, 0.00291529, 0.000529258, 0.999996; 
2.73, 0.999995, -0.00119737, -0.00297776, 0.00119557, 0.999999, -0.000604812, 0.00297847, 0.000601231, 0.999995; 
2.74, 0.999994, -0.00175838, -0.00307027, 0.00175635, 0.999998, -0.000671056, 0.00307143, 0.000665642, 0.999995; 
2.75, 0.999992, -0.0023084, -0.00332251, 0.00230421, 0.999997, -0.00126099, 0.00332537, 0.00125328, 0.999994; 
2.76, 0.999991, -0.00284349, -0.00329134, 0.00283975, 0.999995, -0.00112951, 0.00329447, 0.00112014, 0.999994; 
2.77, 0.999989, -0.00335591, -0.00334793, 0.00335189, 0.999994, -0.00120201, 0.00335202, 0.00119076, 0.999994; 
2.78, 0.999986, -0.00384374, -0.00366861, 0.00383603, 0.99999, -0.00210255, 0.00367665, 0.00208844, 0.999991; 
2.79, 0.999985, -0.00430368, -0.00354508, 0.00429708, 0.999989, -0.00185602, 0.00355309, 0.00184074, 0.999992; 
2.8, 0.999982, -0.00472991, -0.00376755, 0.00472006, 0.999985, -0.00261988, 0.00377989, 0.00260205, 0.99999; 
2.81, 0.999979, -0.00511927, -0.00392677, 0.00510648, 0.999982, -0.00324251, 0.00394335, 0.00322238, 0.999987; 
2.82, 0.999977, -0.00546412, -0.00398317, 0.00544999, 0.999979, -0.00354191, 0.00400245, 0.00352011, 0.999986; 
2.83, 0.999975, -0.00576692, -0.00415383, 0.00574923, 0.999974, -0.00424657, 0.00417821, 0.00422257, 0.999982; 
2.84, 0.999974, -0.00602141, -0.0039898, 0.00600531, 0.999974, -0.00402897, 0.00401397, 0.0040049, 0.999984; 
2.85, 0.999972, -0.0062226, -0.00407648, 0.00620453, 0.999971, -0.00442254, 0.00410387, 0.00439714, 0.999982; 
2.86, 0.999972, -0.00638356, -0.00388226, 0.00636716, 0.999971, -0.00422199, 0.00390913, 0.00419715, 0.999983; 
2.87, 0.999972, -0.00649921, -0.00375155, 0.00648316, 0.99997, -0.00426428, 0.00377916, 0.00423983, 0.999984; 
2.88, 0.999972, -0.00656603, -0.00362204, 0.00655036, 0.999969, -0.00432743, 0.00365034, 0.00430357, 0.999984; 
2.89, 0.999972, -0.00657983, -0.0034683, 0.00656496, 0.999969, -0.0042851, 0.00349636, 0.00426219, 0.999985; 
2.9, 0.999973, -0.00654137, -0.00325479, 0.00652813, 0.99997, -0.00406971, 0.00328131, 0.00404833, 0.999986; 
2.91, 0.999974, -0.00644853, -0.00313691, 0.00643576, 0.999971, -0.00406613, 0.00316302, 0.00404584, 0.999987; 
2.92, 0.999976, -0.00630407, -0.00301024, 0.00629199, 0.999972, -0.00401679, 0.00303548, 0.00399774, 0.999987; 
2.93, 0.999977, -0.00611063, -0.003005, 0.00609765, 0.999972, -0.00430659, 0.00303122, 0.00428819, 0.999986; 
2.94, 0.999979, -0.00585904, -0.00292202, 0.00584656, 0.999974, -0.00424865, 0.00294682, 0.00423142, 0.999987; 
2.95, 0.999981, -0.00556676, -0.00281191, 0.00555478, 0.999976, -0.004236, 0.00283541, 0.00422031, 0.999987; 
2.96, 0.999983, -0.00523034, -0.00254523, 0.00522062, 0.999979, -0.00383013, 0.00256522, 0.00381675, 0.999989; 
2.97, 0.999985, -0.00485001, -0.00249482, 0.00484007, 0.99998, -0.00399016, 0.00251411, 0.00397803, 0.999989; 
2.98, 0.999987, -0.00442611, -0.00239843, 0.00441662, 0.999983, -0.00393449, 0.0024158, 0.00392388, 0.999989; 
2.99, 0.99999, -0.00396518, -0.00214045, 0.00395784, 0.999986, -0.00341987, 0.00215399, 0.00341135, 0.999992; 
3, 0.999992, -0.00347385, -0.00213589, 0.00346605, 0.999987, -0.00362306, 0.00214845, 0.00361558, 0.999991; 
3.01, 0.999994, -0.00295947, -0.0019775, 0.00295266, 0.99999, -0.00346045, 0.00198773, 0.00345458, 0.999992; 
3.02, 0.999995, -0.0024101, -0.00186743, 0.00240408, 0.999992, -0.00319702, 0.00187512, 0.00319249, 0.999993; 
3.03, 0.999997, -0.00184749, -0.00165386, 0.00184295, 0.999995, -0.00271565, 0.00165887, 0.00271258, 0.999995; 
3.04, 0.999998, -0.00127862, -0.00162968, 0.00127392, 0.999995, -0.0028533, 0.00163332, 0.00285121, 0.999995; 
3.05, 0.999999, -0.00069676, -0.00153551, 0.000692776, 0.999996, -0.00259476, 0.00153731, 0.00259372, 0.999995; 
3.06, 0.999999, -0.000116121, -0.00154349, 0.000112044, 0.999997, -0.00259823, 0.00154381, 0.00259806, 0.999995; 
3.07, 0.999999, 0.000455175, -0.00151208, -0.000459073, 0.999997, -0.00256131, 0.00151096, 0.00256197, 0.999996; 
3.08, 0.999999, 0.00101147, -0.00144446, -0.00101516, 0.999996, -0.00252109, 0.00144194, 0.00252254, 0.999996; 
3.09, 0.999998, 0.00154945, -0.00136238, -0.00155284, 0.999996, -0.00247754, 0.00135857, 0.00247964, 0.999996; 
3.1, 0.999997, 0.00206312, -0.00122768, -0.00206597, 0.999995, -0.0022995, 0.00122291, 0.00230202, 0.999997; 
3.11, 0.999996, 0.00254777, -0.00102097, -0.00254959, 0.999995, -0.00182239, 0.00101629, 0.00182499, 0.999998; 
3.12, 0.999995, 0.00299491, -0.000876755, -0.00299628, 0.999994, -0.00156759, 0.000872016, 0.00157023, 0.999998; 
3.13, 0.999994, 0.0034005, -0.000785738, -0.00340173, 0.999993, -0.00160278, 0.000780195, 0.00160545, 0.999998; 
3.14, 0.999993, 0.00376256, -0.000494361, -0.00376318, 0.999992, -0.00112612, 0.000490159, 0.00112797, 0.999999; 
3.15, 0.999992, 0.00407526, -0.000389785, -0.00407566, 0.999991, -0.000996853, 0.000385672, 0.000998445, 0.999999; 
3.16, 0.999991, 0.00434013, -0.000243634, -0.00434039, 0.99999, -0.000988539, 0.000239343, 0.000989586, 1; 
3.17, 0.99999, 0.00455967, 5.79355e-05, -0.00455962, 0.999989, -0.000724092, -6.12437e-05, 0.000723832, 1; 
3.18, 0.999989, 0.0047224, 0.00015217, -0.00472228, 0.999988, -0.000843769, -0.000156164, 0.000843049, 1; 
3.19, 0.999988, 0.00483459, 0.000501513, -0.00483443, 0.999988, -0.000379598, -0.000503331, 0.000377163, 1; 
3.2, 0.999988, 0.00488625, 0.000596314, -0.00488602, 0.999988, -0.000431948, -0.000598401, 0.000429025, 1; 
3.21, 0.999988, 0.00488697, 0.000740438, -0.00488667, 0.999988, -0.000412817, -0.000742465, 0.000409219, 1; 
3.22, 0.999988, 0.00485033, 0.00105369, -0.00485023, 0.999988, -0.000120244, -0.00105423, 0.000115131, 0.999999; 
3.23, 0.999988, 0.00477178, 0.00121236, -0.00477149, 0.999988, -0.000288441, -0.0012137, 0.000282664, 0.999999; 
3.24, 0.999988, 0.00467934, 0.00152659, -0.00467874, 0.999989, -0.000391197, -0.00152838, 0.000384055, 0.999999; 
3.25, 0.999989, 0.00449742, 0.00165296, -0.00449686, 0.99999, -0.000385381, -0.00165474, 0.000377935, 0.999999; 
3.26, 0.999989, 0.00426288, 0.00194189, -0.00426324, 0.999991, 0.000172696, -0.00194117, -0.000180955, 0.999998; 
3.27, 0.99999, 0.00400857, 0.00207722, -0.00400892, 0.999992, 0.000164847, -0.00207657, -0.000173169, 0.999998; 
3.28, 0.999991, 0.00372323, 0.00228554, -0.00372421, 0.999993, 0.000403545, -0.00228405, -0.00041205, 0.999997; 
3.29, 0.999991, 0.00344009, 0.00248754, -0.0034412, 0.999994, 0.000415003, -0.00248608, -0.000423501, 0.999997; 
3.3, 0.999992, 0.00311162, 0.00254408, -0.00311231, 0.999995, 0.000271579, -0.00254324, -0.000279496, 0.999997; 
3.31, 0.999992, 0.00281995, 0.00279221, -0.00282077, 0.999996, 0.000266731, -0.00279143, -0.000274579, 0.999996; 
3.32, 0.999993, 0.00247913, 0.00294399, -0.00248011, 0.999997, 0.000327741, -0.0029431, -0.000335003, 0.999996; 
3.33, 0.999993, 0.00210955, 0.00321043, -0.00211234, 0.999997, 0.000853971, -0.00320855, -0.00086079, 0.999995; 
3.34, 0.999994, 0.00173135, 0.00319949, -0.00173351, 0.999998, 0.000667305, -0.00319833, -0.000672887, 0.999995; 
3.35, 0.999994, 0.00134295, 0.00320953, -0.00134497, 0.999999, 0.000626244, -0.00320864, -0.000630508, 0.999995; 
3.36, 0.999994, 0.000987106, 0.00324452, -0.000988709, 0.999999, 0.000503679, -0.00324401, -0.000506933, 0.999995; 
3.37, 0.999995, 0.000595697, 0.00315967, -0.000596722, 1, 0.00032623, -0.00315943, -0.000328089, 0.999995; 
3.38, 0.999995, 0.000225224, 0.00302264, -0.000225003, 1, -4.98958e-05, -0.00302264, 4.91487e-05, 0.999995; 
3.39, 0.999996, -0.000157035, 0.00290433, 0.00015777, 1, -0.000230447, -0.00290424, 0.000230853, 0.999996; 
3.4, 0.999996, -0.000512905, 0.00286427, 0.00051364, 1, -0.000249736, -0.00286418, 0.000251238, 0.999996; 
3.41, 0.999996, -0.000850983, 0.00276339, 0.000852131, 1, -0.000430632, -0.00276312, 0.000432913, 0.999996; 
3.42, 0.999995, -0.00115218, 0.00280559, 0.00115304, 0.999999, -0.000297358, -0.00280526, 0.00030056, 0.999996; 
3.43, 0.999995, -0.00148151, 0.00267553, 0.00148263, 0.999999, -0.000397892, -0.00267494, 0.000401828, 0.999996; 
3.44, 0.999995, -0.00175903, 0.00269327, 0.00175971, 0.999999, -0.000236222, -0.00269285, 0.000240925, 0.999996; 
3.45, 0.999995, -0.00202239, 0.00261402, 0.00202319, 0.999998, -0.000295615, -0.00261346, 0.000300798, 0.999997; 
3.46, 0.999994, -0.00224974, 0.00260714, 0.00225029, 0.999997, -0.000208498, -0.00260669, 0.000214371, 0.999997; 
3.47, 0.999994, -0.00246265, 0.00260124, 0.00246285, 0.999997, -7.66415e-05, -0.00260103, 8.29121e-05, 0.999997; 
3.48, 0.999994, -0.00266167, 0.00245976, 0.00266237, 0.999996, -0.000274373, -0.00245908, 0.000280888, 0.999997; 
3.49, 0.999993, -0.00288075, 0.0023894, 0.00288106, 0.999996, -9.14857e-05, -0.00238913, 9.82892e-05, 0.999997; 
3.5, 0.999993, -0.00306922, 0.00210249, 0.00307035, 0.999995, -0.000537336, -0.00210083, 0.000543804, 0.999997; 
3.51, 0.999993, -0.00321763, 0.00201592, 0.00321867, 0.999995, -0.000497141, -0.00201431, 0.0005036, 0.999998; 
3.52, 0.999992, -0.00335885, 0.00208336, 0.00335879, 0.999994, 2.91598e-05, -0.00208339, -2.22032e-05, 0.999998; 
3.53, 0.999992, -0.00346806, 0.00192302, 0.00346832, 0.999994, -0.000105954, -0.00192267, 0.000112473, 0.999998; 
3.54, 0.999992, -0.00355522, 0.00182375, 0.00355534, 0.999994, -6.07174e-05, -0.00182348, 6.72323e-05, 0.999998; 
3.55, 0.999992, -0.00360976, 0.00183782, 0.00360931, 0.999993, 0.000263941, -0.00183868, -0.000257256, 0.999998; 
3.56, 0.999992, -0.00364986, 0.00160405, 0.00364993, 0.999993, -5.49967e-05, -0.0016039, 6.08533e-05, 0.999999; 
3.57, 0.999992, -0.00366085, 0.00137535, 0.00366145, 0.999993, -0.000379458, -0.00137389, 0.000384506, 0.999999; 
3.58, 0.999993, -0.00363244, 0.00124601, 0.00363302, 0.999993, -0.000491016, -0.00124417, 0.000495489, 0.999999; 
