0, 0.93978, 0.341781, 0.00021301, -0.341781, 0.93978, -0.000298197, -0.000302101, 0.000207437, 1; 
0.01, 0.93978, 0.341781, 0.000377103, -0.341781, 0.939779, 0.000609215, -0.000146175, -0.000701415, 1; 
0.02, 0.939771, 0.34177, -0.00494485, -0.3418, 0.939741, -0.00774049, 0.0020014, 0.00896443, 0.999958; 
0.03, 0.939689, 0.341613, -0.0168812, -0.341974, 0.939284, -0.0282683, 0.00619945, 0.0323363, 0.999458; 
0.04, 0.939377, 0.341029, -0.0356322, -0.342623, 0.937643, -0.058617, 0.0134201, 0.0672719, 0.997644; 
0.05, 0.938726, 0.339761, -0.0579319, -0.343982, 0.934113, -0.0954457, 0.0216861, 0.109525, 0.993748; 
0.06, 0.937636, 0.337614, -0.0827954, -0.346253, 0.928161, -0.136473, 0.0307723, 0.15663, 0.987178; 
0.07, 0.936079, 0.334487, -0.108968, -0.349503, 0.919512, -0.179846, 0.0400409, 0.206435, 0.977641; 
0.08, 0.934177, 0.330621, -0.134174, -0.353471, 0.908832, -0.221544, 0.0486942, 0.254388, 0.965876; 
0.09, 0.932158, 0.326318, -0.156839, -0.357712, 0.896955, -0.259832, 0.0558901, 0.298308, 0.952832; 
0.1, 0.930171, 0.321773, -0.176759, -0.361934, 0.884419, -0.294628, 0.0615256, 0.33803, 0.939122; 
0.11, 0.928443, 0.317477, -0.192877, -0.36566, 0.872571, -0.323902, 0.0654673, 0.371252, 0.926221; 
0.12, 0.927069, 0.31342, -0.205698, -0.36873, 0.861388, -0.349355, 0.0676906, 0.399723, 0.914133; 
0.13, 0.926015, 0.309919, -0.215516, -0.37114, 0.851737, -0.369863, 0.0689351, 0.422485, 0.903744; 
0.14, 0.925149, 0.306738, -0.223633, -0.373159, 0.84297, -0.387497, 0.0696565, 0.441943, 0.894335; 
0.15, 0.924365, 0.303817, -0.230748, -0.374983, 0.834922, -0.402855, 0.0702622, 0.458912, 0.885699; 
0.16, 0.923609, 0.301073, -0.237278, -0.376723, 0.827362, -0.416596, 0.0708889, 0.47416, 0.87758; 
0.17, 0.922811, 0.298259, -0.243846, -0.378542, 0.819608, -0.430057, 0.0715898, 0.489167, 0.869247; 
0.18, 0.921965, 0.295484, -0.250339, -0.380435, 0.811963, -0.442703, 0.0724546, 0.503394, 0.861014; 
0.19, 0.92109, 0.292768, -0.256671, -0.382365, 0.804481, -0.454541, 0.0734117, 0.516815, 0.852944; 
0.2, 0.920214, 0.290121, -0.262746, -0.384285, 0.797192, -0.465628, 0.0743706, 0.529447, 0.845077; 
0.21, 0.919349, 0.287453, -0.26864, -0.386184, 0.789843, -0.476455, 0.0752249, 0.541773, 0.837152; 
0.22, 0.918524, 0.285033, -0.273991, -0.387977, 0.783176, -0.48591, 0.0760825, 0.552622, 0.829952; 
0.23, 0.917737, 0.28257, -0.279128, -0.389702, 0.776393, -0.495324, 0.0767498, 0.563354, 0.822643; 
0.24, 0.916957, 0.28015, -0.284088, -0.391408, 0.769729, -0.504297, 0.0773918, 0.573613, 0.815462; 
0.25, 0.916246, 0.27801, -0.288452, -0.392952, 0.763835, -0.512001, 0.0779881, 0.582466, 0.809105; 
0.26, 0.915575, 0.275861, -0.292614, -0.394423, 0.757918, -0.519606, 0.0784383, 0.591152, 0.802737; 
0.27, 0.914955, 0.273991, -0.296287, -0.395766, 0.752767, -0.526033, 0.0789067, 0.598557, 0.797185; 
0.28, 0.914378, 0.272294, -0.299615, -0.397009, 0.748097, -0.531729, 0.0793541, 0.605151, 0.792146; 
0.29, 0.913812, 0.270489, -0.302957, -0.398244, 0.743125, -0.537743, 0.0796811, 0.612047, 0.786797; 
0.3, 0.913277, 0.268836, -0.306027, -0.399404, 0.738574, -0.543126, 0.0800114, 0.618253, 0.781896; 
0.31, 0.912758, 0.267173, -0.309018, -0.400535, 0.733994, -0.548474, 0.0802802, 0.624397, 0.776971; 
0.32, 0.912304, 0.265965, -0.311392, -0.401493, 0.730668, -0.552202, 0.0806578, 0.628798, 0.773374; 
0.33, 0.911878, 0.264729, -0.313683, -0.402402, 0.727265, -0.556019, 0.0809365, 0.633249, 0.769705; 
0.34, 0.911467, 0.263296, -0.316075, -0.40331, 0.72332, -0.56049, 0.0810486, 0.638344, 0.765472; 
0.35, 0.911059, 0.262051, -0.318279, -0.404189, 0.719892, -0.564258, 0.0812624, 0.642717, 0.761782; 
0.36, 0.910656, 0.260762, -0.320483, -0.405062, 0.716343, -0.568135, 0.0814276, 0.647191, 0.757966; 
0.37, 0.910296, 0.259615, -0.322429, -0.40584, 0.713186, -0.571541, 0.0815711, 0.651126, 0.754573; 
0.38, 0.910004, 0.258805, -0.323903, -0.406459, 0.710957, -0.573874, 0.0817591, 0.653881, 0.752167; 
0.39, 0.909693, 0.257771, -0.325595, -0.407135, 0.708109, -0.576908, 0.0818464, 0.657371, 0.749109; 
0.4, 0.909367, 0.256811, -0.327261, -0.40783, 0.705465, -0.579649, 0.0820108, 0.660581, 0.746262; 
0.41, 0.909087, 0.25596, -0.328704, -0.408431, 0.703122, -0.582068, 0.0821328, 0.663403, 0.743741; 
0.42, 0.908854, 0.255166, -0.329962, -0.408939, 0.700937, -0.584342, 0.0821784, 0.666016, 0.741397; 
0.43, 0.90857, 0.254361, -0.331362, -0.409539, 0.698722, -0.586571, 0.0823286, 0.668647, 0.739008; 
0.44, 0.908318, 0.253604, -0.332631, -0.410077, 0.696636, -0.588672, 0.0824335, 0.671106, 0.736764; 
0.45, 0.90813, 0.252983, -0.333616, -0.410485, 0.694928, -0.590404, 0.082477, 0.673108, 0.734931; 
0.46, 0.90794, 0.252362, -0.334601, -0.410895, 0.693218, -0.592127, 0.0825207, 0.675102, 0.733095; 
0.47, 0.907736, 0.25171, -0.335645, -0.411335, 0.691422, -0.593919, 0.082577, 0.677184, 0.731166; 
0.48, 0.907573, 0.251156, -0.3365, -0.41169, 0.689898, -0.595443, 0.0826012, 0.678942, 0.729531; 
0.49, 0.907368, 0.250633, -0.337442, -0.412116, 0.688457, -0.596814, 0.0827336, 0.680595, 0.727974; 
0.5, 0.90724, 0.250121, -0.338164, -0.412402, 0.687049, -0.598238, 0.0827029, 0.682205, 0.726468; 
0.51, 0.907134, 0.24972, -0.338744, -0.412637, 0.685945, -0.599341, 0.082692, 0.683461, 0.725288; 
0.52, 0.906993, 0.249429, -0.339335, -0.412921, 0.685144, -0.600062, 0.0828202, 0.684371, 0.724415; 
0.53, 0.906841, 0.248896, -0.340132, -0.413253, 0.683676, -0.601506, 0.0828275, 0.686031, 0.722842; 
0.54, 0.906724, 0.248613, -0.340652, -0.413495, 0.682897, -0.602224, 0.0829097, 0.686908, 0.721999; 
0.55, 0.906565, 0.247974, -0.341538, -0.413851, 0.681139, -0.603968, 0.0828664, 0.688882, 0.720121; 
0.56, 0.906516, 0.247816, -0.341783, -0.413956, 0.680704, -0.604386, 0.0828761, 0.689369, 0.719654; 
0.57, 0.906448, 0.247541, -0.342163, -0.414109, 0.679946, -0.605133, 0.0828569, 0.690215, 0.718845; 
0.58, 0.906335, 0.247328, -0.342618, -0.414335, 0.679359, -0.605638, 0.0829693, 0.690869, 0.718203; 
0.59, 0.906236, 0.247034, -0.343089, -0.414544, 0.678551, -0.606401, 0.0830015, 0.691768, 0.717334; 
0.6, 0.906133, 0.246799, -0.343529, -0.414753, 0.677905, -0.60698, 0.083078, 0.692485, 0.716633; 
0.61, 0.906066, 0.246355, -0.344027, -0.414926, 0.676682, -0.608225, 0.0829573, 0.693837, 0.715338; 
0.62, 0.906011, 0.246116, -0.344342, -0.415051, 0.676025, -0.608871, 0.0829309, 0.694563, 0.714636; 
0.63, 0.905958, 0.245987, -0.344573, -0.415159, 0.675669, -0.609191, 0.082964, 0.694955, 0.714251; 
0.64, 0.905869, 0.24563, -0.34506, -0.415358, 0.674687, -0.610144, 0.0829375, 0.696034, 0.713203; 
0.65, 0.905855, 0.246007, -0.34483, -0.415339, 0.675724, -0.609007, 0.0831898, 0.694894, 0.714284; 
0.66, 0.905838, 0.245796, -0.345024, -0.415393, 0.675142, -0.609616, 0.0830988, 0.695534, 0.713671; 
0.67, 0.905747, 0.24532, -0.345602, -0.415611, 0.673832, -0.610915, 0.0830083, 0.696971, 0.712279; 
0.68, 0.905667, 0.245296, -0.345829, -0.415755, 0.673767, -0.610889, 0.0831595, 0.697042, 0.712191; 
0.69, 0.905649, 0.245398, -0.345803, -0.415774, 0.674048, -0.610566, 0.0832559, 0.696734, 0.712481; 
0.7, 0.905612, 0.245101, -0.346109, -0.415874, 0.67323, -0.6114, 0.0831565, 0.697629, 0.711617; 
0.71, 0.905612, 0.244903, -0.346249, -0.415897, 0.672684, -0.611985, 0.0830396, 0.698225, 0.711046; 
0.72, 0.905576, 0.245021, -0.346262, -0.415948, 0.673009, -0.611593, 0.0831847, 0.697871, 0.711376; 
0.73, 0.905514, 0.244634, -0.346698, -0.416103, 0.671944, -0.612658, 0.0830847, 0.699032, 0.710247; 
0.74, 0.905423, 0.244381, -0.347112, -0.416293, 0.671248, -0.613291, 0.0831215, 0.699788, 0.709498; 
0.75, 0.905437, 0.244154, -0.347237, -0.416296, 0.670624, -0.613972, 0.0829614, 0.700466, 0.708848; 
0.76, 0.905371, 0.244368, -0.347257, -0.416386, 0.671212, -0.613267, 0.0832202, 0.699827, 0.709448; 
0.77, 0.905377, 0.244228, -0.347339, -0.416392, 0.670827, -0.613685, 0.0831252, 0.700246, 0.709046; 
0.78, 0.905372, 0.244248, -0.34734, -0.416399, 0.670881, -0.613621, 0.0831482, 0.700187, 0.709101; 
0.79, 0.905341, 0.244242, -0.347423, -0.416454, 0.670866, -0.6136, 0.0832071, 0.700204, 0.709078; 
0.8, 0.905325, 0.244297, -0.347427, -0.416476, 0.671018, -0.613419, 0.0832727, 0.700039, 0.709233; 
0.81, 0.905266, 0.244094, -0.347722, -0.416603, 0.670458, -0.613945, 0.0832729, 0.700646, 0.708633; 
0.82, 0.905237, 0.243961, -0.347893, -0.416672, 0.670092, -0.614297, 0.0832557, 0.701042, 0.708244; 
0.83, 0.905216, 0.243916, -0.347978, -0.416713, 0.669967, -0.614406, 0.0832704, 0.701177, 0.708107; 
0.84, 0.905232, 0.243968, -0.347901, -0.416679, 0.67011, -0.614273, 0.0832691, 0.701022, 0.708261; 
0.85, 0.905185, 0.243839, -0.348114, -0.416778, 0.669756, -0.614592, 0.08329, 0.701406, 0.707879; 
0.86, 0.905156, 0.243765, -0.348241, -0.416837, 0.669553, -0.614773, 0.0833051, 0.701625, 0.70766; 
0.87, 0.905163, 0.24381, -0.34819, -0.416819, 0.669676, -0.614651, 0.0833162, 0.701492, 0.707791; 
0.88, 0.905134, 0.243779, -0.348288, -0.416874, 0.66959, -0.614707, 0.0833574, 0.701585, 0.707694; 
0.89, 0.905111, 0.243755, -0.348364, -0.416917, 0.669524, -0.61475, 0.08339, 0.701656, 0.707619; 
0.9, 0.905075, 0.243663, -0.348523, -0.416992, 0.669271, -0.614974, 0.0834096, 0.701929, 0.707346; 
0.91, 0.905071, 0.243579, -0.34859, -0.417008, 0.669041, -0.615214, 0.0833677, 0.702178, 0.707104; 
0.92, 0.905048, 0.243571, -0.348657, -0.417051, 0.669019, -0.615209, 0.0834112, 0.702201, 0.707076; 
0.93, 0.905019, 0.243562, -0.348739, -0.417103, 0.668992, -0.615203, 0.0834641, 0.70223, 0.707041; 
0.94, 0.905011, 0.243541, -0.348773, -0.417119, 0.668936, -0.615252, 0.0834676, 0.70229, 0.706981; 
0.95, 0.905003, 0.243567, -0.348776, -0.41713, 0.669007, -0.615168, 0.0834987, 0.702214, 0.707053; 
0.96, 0.904996, 0.243534, -0.348817, -0.417147, 0.668917, -0.615255, 0.0834941, 0.702311, 0.706957; 
0.97, 0.904979, 0.243508, -0.34888, -0.41718, 0.668846, -0.61531, 0.0835138, 0.702388, 0.706878; 
0.98, 0.90496, 0.243523, -0.348918, -0.417211, 0.668887, -0.615244, 0.0835608, 0.702344, 0.706917; 
0.99, 0.904949, 0.243509, -0.348956, -0.417232, 0.668848, -0.615272, 0.0835741, 0.702385, 0.706874; 
1, 0.904955, 0.243316, -0.349076, -0.417245, 0.668316, -0.615841, 0.0834492, 0.702958, 0.706318; 
1.01, 0.904925, 0.243309, -0.349157, -0.417297, 0.668296, -0.615828, 0.0835041, 0.702981, 0.70629; 
1.02, 0.904911, 0.243363, -0.349156, -0.417316, 0.668446, -0.615652, 0.0835651, 0.702819, 0.706444; 
1.03, 0.904939, 0.243445, -0.349027, -0.417257, 0.668672, -0.615447, 0.0835567, 0.702576, 0.706686; 
1.04, 0.904907, 0.243323, -0.349194, -0.417328, 0.668337, -0.615763, 0.0835497, 0.702937, 0.706328; 
1.05, 0.904893, 0.243422, -0.349162, -0.417341, 0.668607, -0.615461, 0.0836358, 0.702646, 0.706607; 
1.06, 0.904882, 0.243353, -0.34924, -0.417369, 0.668417, -0.615648, 0.0836183, 0.702851, 0.706406; 
1.07, 0.904879, 0.243277, -0.349298, -0.417382, 0.66821, -0.615863, 0.0835789, 0.703073, 0.706189; 
1.08, 0.904858, 0.243236, -0.349382, -0.417424, 0.668095, -0.615959, 0.0835968, 0.703196, 0.706064; 
1.09, 0.904866, 0.243367, -0.34927, -0.417395, 0.668457, -0.615586, 0.0836585, 0.702807, 0.706445; 
1.1, 0.904861, 0.243205, -0.349397, -0.417424, 0.668011, -0.616051, 0.0835744, 0.703287, 0.705976; 
1.11, 0.904862, 0.243284, -0.349338, -0.417412, 0.668229, -0.615823, 0.0836177, 0.703053, 0.706205; 
1.12, 0.904844, 0.243225, -0.349428, -0.417452, 0.668065, -0.615973, 0.0836207, 0.703229, 0.706029; 
1.13, 0.904839, 0.243211, -0.349449, -0.417461, 0.668026, -0.616009, 0.0836212, 0.703271, 0.705987; 
1.14, 0.904835, 0.24326, -0.349426, -0.417463, 0.668163, -0.61586, 0.0836592, 0.703124, 0.706129; 
1.15, 0.904821, 0.243195, -0.349508, -0.417495, 0.667983, -0.616032, 0.0836491, 0.703317, 0.705938; 
1.16, 0.904821, 0.243214, -0.349493, -0.417492, 0.668037, -0.615977, 0.0836595, 0.703259, 0.705994; 
1.17, 0.904819, 0.24317, -0.349529, -0.417501, 0.667914, -0.616104, 0.0836373, 0.703391, 0.705865; 
1.18, 0.904809, 0.243194, -0.349539, -0.417516, 0.66798, -0.616022, 0.0836722, 0.703321, 0.705931; 
1.19, 0.904808, 0.243188, -0.349546, -0.417519, 0.667963, -0.616038, 0.0836711, 0.703338, 0.705914; 
1.2, 0.904817, 0.243252, -0.349479, -0.417496, 0.668139, -0.615863, 0.0836909, 0.70315, 0.706099; 
1.21, 0.904805, 0.243196, -0.349547, -0.417523, 0.667986, -0.61601, 0.0836815, 0.703313, 0.705937; 
1.22, 0.904787, 0.243117, -0.349649, -0.417564, 0.667769, -0.616218, 0.0836716, 0.703547, 0.705706; 
1.23, 0.904803, 0.243287, -0.349489, -0.417515, 0.668237, -0.615743, 0.0837386, 0.703044, 0.706199; 
1.24, 0.904808, 0.2432, -0.349538, -0.417518, 0.667997, -0.616003, 0.0836784, 0.703303, 0.705949; 
1.25, 0.904793, 0.243196, -0.349579, -0.417544, 0.667985, -0.615997, 0.0837059, 0.703314, 0.705934; 
1.26, 0.904799, 0.243422, -0.349407, -0.417507, 0.668608, -0.615346, 0.0838274, 0.702644, 0.706586; 
1.27, 0.904801, 0.243197, -0.349558, -0.41753, 0.667988, -0.616004, 0.0836904, 0.703312, 0.705938; 
1.28, 0.90478, 0.243263, -0.349567, -0.417559, 0.66817, -0.615786, 0.0837719, 0.703116, 0.706123; 
1.29, 0.904788, 0.243352, -0.349484, -0.417535, 0.668415, -0.615537, 0.0838081, 0.702853, 0.706381; 
1.3, 0.904826, 0.243348, -0.349388, -0.417468, 0.668405, -0.615593, 0.083729, 0.702863, 0.70638; 
1.31, 0.904769, 0.243074, -0.349727, -0.417601, 0.667649, -0.616323, 0.0836828, 0.703676, 0.705576; 
1.32, 0.904767, 0.243215, -0.349633, -0.417588, 0.668038, -0.61591, 0.0837695, 0.703257, 0.705983; 
1.33, 0.904792, 0.243232, -0.349556, -0.417541, 0.668085, -0.615891, 0.0837285, 0.703208, 0.706037; 
1.34, 0.904835, 0.243257, -0.349429, -0.417463, 0.668153, -0.61587, 0.0836572, 0.703135, 0.706118; 
1.35, 0.90481, 0.243346, -0.34943, -0.417496, 0.668399, -0.615581, 0.0837596, 0.70287, 0.70637; 
1.36, 0.904821, 0.243347, -0.349401, -0.417477, 0.668402, -0.61559, 0.0837381, 0.702866, 0.706376; 
1.37, 0.904832, 0.243405, -0.349334, -0.417451, 0.668561, -0.615435, 0.0837507, 0.702695, 0.706545; 
1.38, 0.904823, 0.243204, -0.349496, -0.41749, 0.668009, -0.616008, 0.0836503, 0.703289, 0.705965; 
1.39, 0.904813, 0.24317, -0.349544, -0.417511, 0.667913, -0.616098, 0.083649, 0.703392, 0.705863; 
1.4, 0.904848, 0.243046, -0.34954, -0.417464, 0.667572, -0.616499, 0.0835055, 0.703759, 0.705514; 
1.41, 0.904877, 0.24339, -0.349226, -0.417373, 0.668521, -0.615532, 0.0836506, 0.702738, 0.706514; 
1.42, 0.904849, 0.243186, -0.349441, -0.417446, 0.667958, -0.616092, 0.0835867, 0.703344, 0.705919; 
1.43, 0.904928, 0.243449, -0.349053, -0.417277, 0.668682, -0.615422, 0.083582, 0.702564, 0.706695; 
1.44, 0.904941, 0.243615, -0.348902, -0.417233, 0.66914, -0.614953, 0.0836526, 0.70207, 0.707177; 
1.45, 0.904862, 0.243334, -0.349305, -0.417407, 0.668366, -0.615677, 0.0836483, 0.702905, 0.706347; 
1.46, 0.904866, 0.243181, -0.349399, -0.417416, 0.667944, -0.616128, 0.0835486, 0.703359, 0.705908; 
1.47, 0.904897, 0.243363, -0.349192, -0.41734, 0.668444, -0.615637, 0.0835925, 0.702821, 0.706438; 
1.48, 0.904831, 0.243276, -0.349425, -0.417467, 0.668205, -0.615811, 0.0836752, 0.703079, 0.706172; 
1.49, 0.904855, 0.243172, -0.349435, -0.417438, 0.667921, -0.616139, 0.0835669, 0.703384, 0.705881; 
1.5, 0.904891, 0.242844, -0.349571, -0.417413, 0.667016, -0.617136, 0.0833015, 0.704356, 0.704942; 
1.51, 0.904879, 0.243192, -0.349361, -0.417394, 0.667974, -0.616112, 0.0835304, 0.703327, 0.705941; 
1.52, 0.904872, 0.243233, -0.349348, -0.4174, 0.668089, -0.615982, 0.0835678, 0.703203, 0.706061; 
1.53, 0.904909, 0.243308, -0.349201, -0.417327, 0.668294, -0.615809, 0.0835377, 0.702982, 0.706284; 
1.54, 0.904869, 0.243242, -0.349351, -0.417405, 0.668112, -0.615954, 0.0835794, 0.703178, 0.706084; 
1.55, 0.904898, 0.243135, -0.349348, -0.417365, 0.667817, -0.6163, 0.083457, 0.703495, 0.705783; 
1.56, 0.904888, 0.243104, -0.349396, -0.417387, 0.667733, -0.616377, 0.0834594, 0.703586, 0.705692; 
1.57, 0.904879, 0.24321, -0.349346, -0.417391, 0.668025, -0.616058, 0.0835406, 0.703272, 0.705996; 
1.58, 0.90487, 0.243207, -0.349373, -0.417407, 0.668015, -0.616057, 0.0835568, 0.703283, 0.705983; 
1.59, 0.904873, 0.243191, -0.349376, -0.417404, 0.667972, -0.616107, 0.0835416, 0.703329, 0.705938; 
1.6, 0.904872, 0.243163, -0.349399, -0.417409, 0.667894, -0.616187, 0.0835275, 0.703412, 0.705857; 
1.61, 0.904882, 0.243217, -0.349334, -0.417385, 0.668044, -0.616042, 0.0835385, 0.703252, 0.706015; 
1.62, 0.904878, 0.243156, -0.349387, -0.417399, 0.667876, -0.616214, 0.0835108, 0.703432, 0.705839; 
1.63, 0.904889, 0.243189, -0.349336, -0.417376, 0.667966, -0.616131, 0.0835083, 0.703335, 0.705936; 
1.64, 0.904885, 0.243163, -0.349363, -0.417386, 0.667896, -0.616201, 0.0835008, 0.703411, 0.705862; 
1.65, 0.904885, 0.243241, -0.349309, -0.417376, 0.668109, -0.615976, 0.0835461, 0.703181, 0.706085; 
1.66, 0.90487, 0.24321, -0.349371, -0.417407, 0.668024, -0.616048, 0.0835589, 0.703273, 0.705992; 
1.67, 0.904868, 0.243246, -0.349351, -0.417407, 0.668123, -0.615941, 0.0835841, 0.703167, 0.706095; 
1.68, 0.904859, 0.243262, -0.349362, -0.41742, 0.668169, -0.615882, 0.0836114, 0.703117, 0.706141; 
1.69, 0.904851, 0.243211, -0.349419, -0.41744, 0.668027, -0.616023, 0.0835977, 0.70327, 0.705991; 
1.7, 0.904853, 0.243234, -0.349397, -0.417434, 0.668089, -0.615959, 0.0836065, 0.703203, 0.706056; 
1.71, 0.904856, 0.243362, -0.3493, -0.417413, 0.668442, -0.615591, 0.0836754, 0.702823, 0.706426; 
1.72, 0.904835, 0.243213, -0.349459, -0.417468, 0.668032, -0.615998, 0.0836313, 0.703264, 0.705992; 
1.73, 0.904833, 0.243179, -0.349487, -0.417476, 0.667939, -0.616093, 0.0836153, 0.703364, 0.705895; 
1.74, 0.904816, 0.243109, -0.349581, -0.417514, 0.667747, -0.616276, 0.0836089, 0.703571, 0.705689; 
1.75, 0.904819, 0.243254, -0.349472, -0.417492, 0.668146, -0.615859, 0.083688, 0.703142, 0.706107; 
1.76, 0.904817, 0.243287, -0.349453, -0.41749, 0.668235, -0.615763, 0.0837097, 0.703046, 0.7062; 
1.77, 0.904805, 0.243253, -0.349509, -0.417517, 0.668144, -0.615844, 0.0837161, 0.703144, 0.706102; 
1.78, 0.904814, 0.243326, -0.349434, -0.417492, 0.668345, -0.615642, 0.0837403, 0.702928, 0.706314; 
1.79, 0.904809, 0.243354, -0.349428, -0.417497, 0.668422, -0.615555, 0.0837668, 0.702845, 0.706393; 
1.8, 0.904782, 0.243195, -0.349609, -0.417564, 0.667982, -0.615987, 0.0837281, 0.703318, 0.705927; 
1.81, 0.904804, 0.243311, -0.34947, -0.417511, 0.668301, -0.615677, 0.0837507, 0.702975, 0.706266; 
1.82, 0.904779, 0.243271, -0.349564, -0.417561, 0.668193, -0.615761, 0.0837792, 0.703091, 0.706147; 
1.83, 0.904792, 0.243414, -0.349431, -0.417521, 0.668586, -0.615361, 0.0838371, 0.702668, 0.706562; 
1.84, 0.904792, 0.243352, -0.349472, -0.417527, 0.668416, -0.615541, 0.0837995, 0.702851, 0.706384; 
1.85, 0.904795, 0.243398, -0.349433, -0.417516, 0.668541, -0.615413, 0.0838199, 0.702717, 0.706515; 
1.86, 0.904765, 0.243221, -0.349634, -0.41759, 0.668055, -0.61589, 0.083777, 0.70324, 0.706; 
1.87, 0.904773, 0.24322, -0.349615, -0.417577, 0.668052, -0.615903, 0.0837611, 0.703243, 0.705998; 
1.88, 0.904777, 0.2432, -0.349617, -0.417571, 0.667996, -0.615967, 0.0837395, 0.703303, 0.705941; 
1.89, 0.904759, 0.243223, -0.349648, -0.417601, 0.668061, -0.615877, 0.0837908, 0.703233, 0.706004; 
1.9, 0.904751, 0.243182, -0.349696, -0.417619, 0.667948, -0.615987, 0.0837817, 0.703355, 0.705884; 
1.91, 0.90475, 0.243171, -0.349708, -0.417623, 0.667916, -0.616019, 0.0837779, 0.70339, 0.70585; 
1.92, 0.904759, 0.243194, -0.349667, -0.417604, 0.667981, -0.615961, 0.0837731, 0.703319, 0.705921; 
1.93, 0.904757, 0.243241, -0.34964, -0.417602, 0.668111, -0.615822, 0.0838048, 0.70318, 0.706056; 
1.94, 0.904766, 0.243213, -0.349638, -0.41759, 0.668031, -0.615916, 0.0837706, 0.703265, 0.705975; 
1.95, 0.904761, 0.243192, -0.349665, -0.417601, 0.667975, -0.61597, 0.0837682, 0.703326, 0.705915; 
1.96, 0.904776, 0.243331, -0.34953, -0.417559, 0.668358, -0.615582, 0.0838205, 0.702913, 0.706319; 
1.97, 0.90478, 0.243325, -0.349524, -0.417552, 0.668342, -0.615605, 0.083809, 0.702931, 0.706303; 
1.98, 0.904759, 0.243204, -0.349661, -0.417603, 0.668008, -0.615933, 0.0837788, 0.70329, 0.705949; 
1.99, 0.904781, 0.243221, -0.349592, -0.417562, 0.668055, -0.615909, 0.0837447, 0.70324, 0.706003; 
2, 0.904784, 0.243218, -0.349587, -0.417558, 0.668047, -0.615921, 0.0837376, 0.703248, 0.705996; 
2.01, 0.904781, 0.243093, -0.349682, -0.417578, 0.667701, -0.616282, 0.0836695, 0.70362, 0.705633; 
2.02, 0.904776, 0.243196, -0.349623, -0.417574, 0.667987, -0.615975, 0.0837408, 0.703313, 0.705931; 
2.03, 0.9048, 0.243217, -0.349545, -0.417528, 0.668045, -0.615943, 0.0837033, 0.703251, 0.705997; 
2.04, 0.904807, 0.2432, -0.349539, -0.417518, 0.667998, -0.616001, 0.0836792, 0.703301, 0.70595; 
2.05, 0.904791, 0.243164, -0.349606, -0.417551, 0.667897, -0.616088, 0.0836901, 0.70341, 0.70584; 
2.06, 0.904807, 0.243267, -0.349494, -0.417512, 0.668182, -0.615806, 0.0837202, 0.703103, 0.706142; 
2.07, 0.904846, 0.243353, -0.349331, -0.417431, 0.668419, -0.615603, 0.0836904, 0.702848, 0.7064; 
2.08, 0.904813, 0.243288, -0.349464, -0.417498, 0.66824, -0.615752, 0.08372, 0.703041, 0.706204; 
2.09, 0.904812, 0.243112, -0.349587, -0.41752, 0.667754, -0.616264, 0.0836173, 0.703563, 0.705696; 
2.1, 0.904817, 0.243229, -0.349493, -0.417498, 0.668076, -0.61593, 0.0836763, 0.703217, 0.706034; 
2.11, 0.904848, 0.243123, -0.349488, -0.417456, 0.667785, -0.616274, 0.0835522, 0.70353, 0.705737; 
2.12, 0.904829, 0.243041, -0.349593, -0.417499, 0.667558, -0.616491, 0.0835415, 0.703774, 0.705495; 
2.13, 0.904864, 0.243298, -0.349325, -0.417408, 0.668266, -0.615785, 0.083623, 0.703012, 0.706244; 
2.14, 0.90489, 0.243382, -0.349197, -0.417351, 0.668498, -0.615571, 0.0836185, 0.702762, 0.706493; 
2.15, 0.904867, 0.243326, -0.349298, -0.417399, 0.668343, -0.615707, 0.0836334, 0.70293, 0.706325; 
2.16, 0.904885, 0.243382, -0.34921, -0.417359, 0.668497, -0.615567, 0.0836285, 0.702764, 0.706491; 
2.17, 0.904854, 0.243215, -0.349407, -0.417434, 0.668039, -0.616014, 0.0835935, 0.703257, 0.706004; 
2.18, 0.904837, 0.243244, -0.349433, -0.417462, 0.668117, -0.615911, 0.0836457, 0.703173, 0.706081; 
2.19, 0.904828, 0.243186, -0.349495, -0.417483, 0.667958, -0.616068, 0.0836287, 0.703344, 0.705913; 
2.2, 0.904827, 0.24313, -0.349537, -0.417492, 0.667805, -0.616228, 0.0835991, 0.703509, 0.705753; 
2.21, 0.904869, 0.243223, -0.349363, -0.417407, 0.668059, -0.61601, 0.0835677, 0.703235, 0.706029; 
2.22, 0.904859, 0.24314, -0.349447, -0.417434, 0.667831, -0.616239, 0.083539, 0.703481, 0.705787; 
2.23, 0.904836, 0.243107, -0.349529, -0.417479, 0.667742, -0.616306, 0.0835669, 0.703577, 0.705689; 
2.24, 0.904867, 0.243201, -0.349384, -0.417413, 0.668001, -0.616069, 0.0835597, 0.703298, 0.705967; 
2.25, 0.904869, 0.243272, -0.349329, -0.417401, 0.668195, -0.615867, 0.0835968, 0.70309, 0.70617; 
2.26, 0.90488, 0.243412, -0.349203, -0.417365, 0.668581, -0.615472, 0.0836571, 0.702674, 0.706577; 
2.27, 0.904862, 0.243186, -0.349406, -0.417423, 0.667959, -0.616107, 0.0835603, 0.703343, 0.705923; 
2.28, 0.90488, 0.243127, -0.3494, -0.417398, 0.667797, -0.6163, 0.0834887, 0.703517, 0.705757; 
2.29, 0.904878, 0.243161, -0.349385, -0.417399, 0.667888, -0.6162, 0.0835143, 0.703419, 0.705852; 
2.3, 0.904854, 0.243198, -0.349419, -0.417436, 0.667992, -0.616064, 0.0835832, 0.703308, 0.705955; 
2.31, 0.904881, 0.24324, -0.349321, -0.417384, 0.668108, -0.615973, 0.0835546, 0.703183, 0.706082; 
2.32, 0.904901, 0.243236, -0.349272, -0.417349, 0.668096, -0.616009, 0.0835114, 0.703195, 0.706075; 
2.33, 0.904884, 0.243186, -0.349351, -0.417385, 0.667957, -0.616135, 0.0835166, 0.703345, 0.705926; 
2.34, 0.904886, 0.243303, -0.349265, -0.417368, 0.66828, -0.615797, 0.0835816, 0.702998, 0.706263; 
2.35, 0.904872, 0.243334, -0.349279, -0.417389, 0.668365, -0.61569, 0.0836277, 0.702906, 0.706349; 
2.36, 0.904872, 0.243295, -0.349304, -0.417392, 0.668259, -0.615803, 0.0836036, 0.70302, 0.706239; 
2.37, 0.904851, 0.243256, -0.349387, -0.417434, 0.66815, -0.615892, 0.0836233, 0.703137, 0.70612; 
2.38, 0.904845, 0.243243, -0.349413, -0.417448, 0.668114, -0.615923, 0.0836288, 0.703176, 0.70608; 
2.39, 0.904844, 0.243217, -0.349434, -0.417453, 0.668042, -0.615997, 0.0836158, 0.703253, 0.706005; 
2.4, 0.90484, 0.243193, -0.34946, -0.417462, 0.667979, -0.61606, 0.0836098, 0.703322, 0.705937; 
2.41, 0.904838, 0.24323, -0.34944, -0.417461, 0.66808, -0.615951, 0.0836356, 0.703213, 0.706043; 
2.42, 0.904843, 0.243214, -0.349438, -0.417454, 0.668035, -0.616004, 0.0836159, 0.703261, 0.705997; 
2.43, 0.90483, 0.243202, -0.349478, -0.417478, 0.668002, -0.616024, 0.083634, 0.703296, 0.70596; 
2.44, 0.904825, 0.243203, -0.34949, -0.417486, 0.668006, -0.616014, 0.0836448, 0.703293, 0.705962; 
2.45, 0.904823, 0.243199, -0.349498, -0.41749, 0.667994, -0.616024, 0.0836461, 0.703305, 0.70595; 
2.46, 0.904804, 0.243175, -0.349565, -0.417528, 0.667929, -0.61607, 0.0836719, 0.703375, 0.705877; 
2.47, 0.904813, 0.243214, -0.349516, -0.417507, 0.668034, -0.615969, 0.0836764, 0.703262, 0.705989; 
2.48, 0.904822, 0.243256, -0.349463, -0.417486, 0.66815, -0.615858, 0.0836825, 0.703138, 0.706112; 
2.49, 0.904813, 0.24321, -0.349517, -0.417507, 0.668024, -0.61598, 0.0836734, 0.703273, 0.705979; 
2.5, 0.904817, 0.243161, -0.349541, -0.417506, 0.667889, -0.616128, 0.0836362, 0.703418, 0.705838; 
2.51, 0.904804, 0.243208, -0.349542, -0.417523, 0.668019, -0.615974, 0.083691, 0.703278, 0.705971; 
2.52, 0.904814, 0.243239, -0.349494, -0.417502, 0.668103, -0.615898, 0.0836881, 0.703188, 0.706062; 
2.53, 0.904802, 0.243218, -0.349541, -0.417526, 0.668046, -0.615944, 0.083701, 0.70325, 0.705999; 
2.54, 0.904794, 0.243234, -0.34955, -0.417538, 0.668091, -0.615886, 0.0837263, 0.703201, 0.706044; 
2.55, 0.904786, 0.243207, -0.349589, -0.417555, 0.668017, -0.615956, 0.0837264, 0.703281, 0.705965; 
2.56, 0.904793, 0.24323, -0.349556, -0.41754, 0.668078, -0.615899, 0.0837257, 0.703214, 0.706031; 
2.57, 0.904772, 0.243169, -0.349652, -0.417584, 0.66791, -0.616052, 0.0837315, 0.703395, 0.70585; 
2.58, 0.904791, 0.243222, -0.349566, -0.417545, 0.668057, -0.615919, 0.0837254, 0.703237, 0.706008; 
2.59, 0.904803, 0.243255, -0.349512, -0.41752, 0.668149, -0.615835, 0.0837212, 0.703138, 0.706107; 
2.6, 0.904793, 0.243203, -0.349573, -0.417543, 0.668004, -0.615978, 0.0837089, 0.703294, 0.705953; 
2.61, 0.904777, 0.243185, -0.349627, -0.417573, 0.667957, -0.616009, 0.0837316, 0.703346, 0.705899; 
2.62, 0.904775, 0.243219, -0.349609, -0.417572, 0.668049, -0.615909, 0.083755, 0.703246, 0.705996; 
2.63, 0.904784, 0.243154, -0.349632, -0.417566, 0.667871, -0.616107, 0.0837002, 0.703438, 0.705811; 
2.64, 0.904791, 0.243225, -0.349563, -0.417544, 0.668065, -0.615911, 0.083726, 0.703229, 0.706016; 
2.65, 0.904797, 0.24323, -0.349544, -0.417532, 0.66808, -0.615902, 0.0837172, 0.703213, 0.706033; 
2.66, 0.904777, 0.243141, -0.349657, -0.417578, 0.667835, -0.616137, 0.0837052, 0.703476, 0.705772; 
2.67, 0.904785, 0.243257, -0.349558, -0.417551, 0.668153, -0.615811, 0.0837579, 0.703135, 0.706106; 
2.68, 0.904767, 0.243198, -0.349645, -0.41759, 0.667992, -0.615959, 0.0837596, 0.703308, 0.705934; 
2.69, 0.904769, 0.243166, -0.349661, -0.417589, 0.667902, -0.616057, 0.0837355, 0.703404, 0.705841; 
2.7, 0.904784, 0.243205, -0.349596, -0.417559, 0.668011, -0.615959, 0.0837296, 0.703287, 0.705958; 
2.71, 0.90479, 0.243272, -0.349533, -0.41754, 0.668194, -0.615774, 0.0837557, 0.70309, 0.706151; 
2.72, 0.904782, 0.243243, -0.349574, -0.417557, 0.668116, -0.615847, 0.083755, 0.703174, 0.706067; 
2.73, 0.904775, 0.243231, -0.349601, -0.417572, 0.668083, -0.615872, 0.0837633, 0.703209, 0.706031; 
2.74, 0.904771, 0.243202, -0.349632, -0.417582, 0.668003, -0.615952, 0.0837542, 0.703296, 0.705946; 
2.75, 0.904772, 0.243204, -0.349629, -0.417581, 0.668008, -0.615947, 0.0837539, 0.70329, 0.705952; 
2.76, 0.904787, 0.243274, -0.34954, -0.417545, 0.668199, -0.615764, 0.0837631, 0.703085, 0.706156; 
2.77, 0.904776, 0.24313, -0.34967, -0.417583, 0.667804, -0.616167, 0.0837023, 0.703509, 0.70574; 
2.78, 0.904793, 0.243122, -0.34963, -0.417553, 0.667783, -0.616211, 0.0836622, 0.703533, 0.705721; 
2.79, 0.904837, 0.243331, -0.349372, -0.417451, 0.668359, -0.615655, 0.0836973, 0.702913, 0.706334; 
2.8, 0.904781, 0.243286, -0.349546, -0.417554, 0.668232, -0.615723, 0.0837817, 0.703049, 0.706189; 
2.81, 0.904796, 0.243292, -0.349505, -0.417528, 0.66825, -0.615722, 0.0837563, 0.70303, 0.70621; 
2.82, 0.904805, 0.243291, -0.349483, -0.417512, 0.668247, -0.615735, 0.0837377, 0.703034, 0.706209; 
2.83, 0.904834, 0.24318, -0.349485, -0.417474, 0.667941, -0.616092, 0.0836138, 0.703362, 0.705897; 
2.84, 0.904797, 0.243187, -0.349575, -0.417538, 0.667961, -0.616028, 0.0836924, 0.703341, 0.705909; 
2.85, 0.90481, 0.24314, -0.349573, -0.41752, 0.667831, -0.61618, 0.0836381, 0.70348, 0.705776; 
2.86, 0.904818, 0.243167, -0.349534, -0.417503, 0.667907, -0.61611, 0.0836381, 0.703399, 0.705857; 
2.87, 0.904808, 0.243192, -0.349542, -0.417518, 0.667974, -0.616027, 0.0836725, 0.703327, 0.705925; 
2.88, 0.904806, 0.243327, -0.349454, -0.417506, 0.668348, -0.61563, 0.0837569, 0.702925, 0.706315; 
2.89, 0.904831, 0.243559, -0.349229, -0.417435, 0.668984, -0.614986, 0.083843, 0.702239, 0.706987; 
2.9, 0.904809, 0.243293, -0.349471, -0.417505, 0.668253, -0.615733, 0.0837315, 0.703027, 0.706217; 
2.91, 0.904818, 0.243154, -0.349544, -0.417505, 0.667869, -0.616149, 0.0836307, 0.703439, 0.705818; 
2.92, 0.904799, 0.243239, -0.349534, -0.417529, 0.668105, -0.615878, 0.0837199, 0.703186, 0.706059; 
2.93, 0.904822, 0.243161, -0.349528, -0.417497, 0.667891, -0.616131, 0.0836274, 0.703416, 0.705841; 
2.94, 0.904848, 0.243315, -0.349355, -0.417434, 0.668315, -0.615715, 0.0836658, 0.70296, 0.706291; 
2.95, 0.90485, 0.243243, -0.349397, -0.417437, 0.668115, -0.615929, 0.0836172, 0.703175, 0.706083; 
2.96, 0.904825, 0.24309, -0.349571, -0.417501, 0.667694, -0.616343, 0.0835794, 0.703628, 0.705636; 
2.97, 0.904832, 0.24323, -0.349456, -0.417472, 0.668078, -0.615945, 0.0836476, 0.703215, 0.70604; 
2.98, 0.904824, 0.243056, -0.349597, -0.417506, 0.667601, -0.616439, 0.0835617, 0.703728, 0.705538; 
2.99, 0.904841, 0.243194, -0.349456, -0.417459, 0.667979, -0.616061, 0.0836072, 0.703321, 0.705938; 
3, 0.90482, 0.24319, -0.349514, -0.417498, 0.667969, -0.616047, 0.0836482, 0.703333, 0.705922; 
3.01, 0.904817, 0.243108, -0.349579, -0.417512, 0.667742, -0.616282, 0.0836057, 0.703576, 0.705685; 
3.02, 0.904824, 0.243133, -0.349543, -0.417497, 0.667813, -0.616215, 0.0836069, 0.703499, 0.705761; 
3.03, 0.904847, 0.2432, -0.349438, -0.417449, 0.667996, -0.61605, 0.0835999, 0.703303, 0.705957; 
3.04, 0.904869, 0.243266, -0.349332, -0.417401, 0.66818, -0.615883, 0.083593, 0.703106, 0.706155; 
3.05, 0.904872, 0.243303, -0.349301, -0.417393, 0.66828, -0.615779, 0.08361, 0.702997, 0.706261; 
3.06, 0.904862, 0.24326, -0.349356, -0.417415, 0.668162, -0.615892, 0.0836046, 0.703124, 0.706135; 
3.07, 0.904825, 0.243172, -0.349512, -0.41749, 0.66792, -0.616104, 0.083627, 0.703385, 0.705873; 
3.08, 0.90484, 0.243206, -0.34945, -0.417459, 0.668012, -0.616026, 0.0836157, 0.703286, 0.705972; 
3.09, 0.90484, 0.243287, -0.349394, -0.41745, 0.668237, -0.615788, 0.0836644, 0.703044, 0.706207; 
3.1, 0.904837, 0.243235, -0.349438, -0.417462, 0.668092, -0.615937, 0.0836395, 0.7032, 0.706055; 
3.11, 0.90482, 0.243207, -0.3495, -0.417495, 0.668016, -0.615998, 0.0836569, 0.703282, 0.705972; 
3.12, 0.904826, 0.24327, -0.349443, -0.417478, 0.668189, -0.615821, 0.0836831, 0.703095, 0.706154; 
3.13, 0.904835, 0.243197, -0.349471, -0.417471, 0.667988, -0.616044, 0.0836224, 0.703312, 0.705946; 
3.14, 0.904823, 0.243202, -0.349498, -0.417491, 0.668003, -0.616014, 0.0836495, 0.703296, 0.705958; 
3.15, 0.904821, 0.243233, -0.34948, -0.41749, 0.668088, -0.615923, 0.0836706, 0.703205, 0.706047; 
3.16, 0.904825, 0.243277, -0.34944, -0.417478, 0.668208, -0.6158, 0.0836885, 0.703075, 0.706174; 
3.17, 0.904817, 0.24327, -0.349464, -0.417492, 0.668191, -0.615809, 0.0837004, 0.703094, 0.706154; 
3.18, 0.904808, 0.243174, -0.349555, -0.41752, 0.667924, -0.616079, 0.0836622, 0.70338, 0.705873; 
3.19, 0.904825, 0.243297, -0.349425, -0.417475, 0.668264, -0.615742, 0.0836999, 0.703015, 0.706232; 
3.2, 0.904807, 0.243248, -0.349506, -0.417513, 0.668128, -0.615864, 0.0837073, 0.703161, 0.706086; 
3.21, 0.904803, 0.243193, -0.349554, -0.417526, 0.667978, -0.616017, 0.0836831, 0.703322, 0.705928; 
3.22, 0.904806, 0.243256, -0.349503, -0.417514, 0.668152, -0.615837, 0.083715, 0.703136, 0.70611; 
3.23, 0.904792, 0.243198, -0.34958, -0.417546, 0.667991, -0.61599, 0.083709, 0.703308, 0.705939; 
3.24, 0.904793, 0.243196, -0.34958, -0.417545, 0.667986, -0.615995, 0.0837067, 0.703313, 0.705934; 
3.25, 0.904794, 0.243237, -0.349549, -0.417538, 0.668098, -0.615878, 0.0837289, 0.703193, 0.706052; 
3.26, 0.904804, 0.243224, -0.349531, -0.417521, 0.668062, -0.61593, 0.0836997, 0.703232, 0.706016; 
3.27, 0.9048, 0.243229, -0.349537, -0.417527, 0.668077, -0.615909, 0.0837104, 0.703216, 0.706031; 
3.28, 0.904799, 0.243322, -0.349477, -0.417519, 0.668333, -0.615636, 0.0837689, 0.70294, 0.706298; 
3.29, 0.904792, 0.243237, -0.349553, -0.417541, 0.668099, -0.615876, 0.0837319, 0.703193, 0.706052; 
3.3, 0.90479, 0.243254, -0.349547, -0.417543, 0.668147, -0.615823, 0.0837467, 0.703141, 0.706101; 
3.31, 0.904783, 0.243266, -0.349557, -0.417554, 0.668178, -0.615781, 0.0837678, 0.703108, 0.706132; 
3.32, 0.904766, 0.243218, -0.349634, -0.417589, 0.668045, -0.615901, 0.083773, 0.70325, 0.70599; 
3.33, 0.904772, 0.243216, -0.349619, -0.417579, 0.66804, -0.615914, 0.0837596, 0.703256, 0.705986; 
3.34, 0.904783, 0.243248, -0.349568, -0.417555, 0.668128, -0.615835, 0.0837555, 0.703161, 0.706081; 
3.35, 0.904772, 0.24317, -0.349651, -0.417584, 0.667915, -0.616046, 0.0837331, 0.70339, 0.705855; 
3.36, 0.90477, 0.243214, -0.349626, -0.417583, 0.668036, -0.615916, 0.0837635, 0.70326, 0.705981; 
3.37, 0.904774, 0.243243, -0.349595, -0.417572, 0.668114, -0.615839, 0.0837713, 0.703176, 0.706064; 
3.38, 0.904791, 0.243323, -0.349496, -0.417533, 0.668336, -0.615624, 0.0837851, 0.702937, 0.7063; 
3.39, 0.90478, 0.24325, -0.349575, -0.417561, 0.668136, -0.615823, 0.0837645, 0.703153, 0.706087; 
3.4, 0.904777, 0.243272, -0.349567, -0.417563, 0.668195, -0.615757, 0.0837828, 0.703089, 0.706149; 
3.41, 0.904766, 0.243198, -0.349646, -0.41759, 0.667992, -0.615958, 0.0837606, 0.703307, 0.705934; 
3.42, 0.904768, 0.243132, -0.349688, -0.417595, 0.66781, -0.616152, 0.0837185, 0.703503, 0.705744; 
3.43, 0.904782, 0.243219, -0.349591, -0.41756, 0.668048, -0.615918, 0.0837407, 0.703247, 0.705997; 
3.44, 0.904775, 0.243244, -0.349593, -0.417571, 0.668117, -0.615837, 0.0837706, 0.703173, 0.706066; 
3.45, 0.904766, 0.243202, -0.349646, -0.417592, 0.668002, -0.615947, 0.0837645, 0.703297, 0.705944; 
3.46, 0.904775, 0.243293, -0.349557, -0.417564, 0.668254, -0.615692, 0.0837986, 0.703026, 0.70621; 
3.47, 0.904762, 0.243182, -0.349669, -0.417601, 0.667946, -0.616001, 0.0837603, 0.703356, 0.705885; 
3.48, 0.904778, 0.243241, -0.349585, -0.417565, 0.66811, -0.615848, 0.083762, 0.70318, 0.706061; 
3.49, 0.904831, 0.243294, -0.349412, -0.417465, 0.668257, -0.615756, 0.0836865, 0.703023, 0.706226; 
3.5, 0.904797, 0.243307, -0.349491, -0.417524, 0.668292, -0.615678, 0.0837633, 0.702985, 0.706255; 
3.51, 0.904815, 0.243274, -0.349467, -0.417495, 0.6682, -0.615797, 0.0837063, 0.703084, 0.706163; 
3.52, 0.904818, 0.243127, -0.349563, -0.417509, 0.667797, -0.616225, 0.0836159, 0.703517, 0.705742; 
3.53, 0.904811, 0.243314, -0.34945, -0.417498, 0.668311, -0.615675, 0.0837388, 0.702964, 0.706278; 
3.54, 0.904811, 0.24329, -0.349466, -0.417501, 0.668246, -0.615744, 0.0837249, 0.703034, 0.70621; 
3.55, 0.904834, 0.243278, -0.349416, -0.417463, 0.668212, -0.615807, 0.0836717, 0.703071, 0.70618; 
3.56, 0.904822, 0.24324, -0.349473, -0.417488, 0.668107, -0.615903, 0.083673, 0.703184, 0.706067; 
3.57, 0.904778, 0.243083, -0.349697, -0.417584, 0.667674, -0.616308, 0.0836694, 0.70365, 0.705604; 
3.58, 0.904813, 0.243314, -0.349445, -0.417495, 0.66831, -0.615678, 0.0837346, 0.702965, 0.706278; 
3.59, 0.904811, 0.243259, -0.349489, -0.417505, 0.668159, -0.615835, 0.0837069, 0.703127, 0.70612; 
3.6, 0.904777, 0.243044, -0.349726, -0.41759, 0.667567, -0.616419, 0.0836489, 0.703764, 0.705492; 
3.61, 0.904751, 0.242989, -0.34983, -0.417642, 0.667417, -0.616547, 0.0836684, 0.703925, 0.705329; 
3.62, 0.904791, 0.243015, -0.349711, -0.41757, 0.667487, -0.616519, 0.0836042, 0.70385, 0.705412; 
3.63, 0.904803, 0.243226, -0.349532, -0.417523, 0.668069, -0.61592, 0.0837033, 0.703224, 0.706024; 
3.64, 0.904798, 0.243255, -0.349526, -0.417529, 0.668149, -0.61583, 0.0837312, 0.703139, 0.706105; 
3.65, 0.904825, 0.243241, -0.349465, -0.417483, 0.668109, -0.615905, 0.0836676, 0.703182, 0.70607; 
3.66, 0.904825, 0.243264, -0.349449, -0.41748, 0.668172, -0.615839, 0.0836809, 0.703114, 0.706136; 
3.67, 0.904836, 0.24325, -0.349429, -0.417461, 0.668133, -0.615893, 0.0836494, 0.703156, 0.706098; 
3.68, 0.904881, 0.24337, -0.34923, -0.417369, 0.668466, -0.615594, 0.083631, 0.702797, 0.706457; 
3.69, 0.904867, 0.243324, -0.349298, -0.417399, 0.668338, -0.615713, 0.0836317, 0.702935, 0.70632; 
3.7, 0.904856, 0.243325, -0.349325, -0.417417, 0.668342, -0.615696, 0.0836541, 0.702931, 0.706321; 
3.71, 0.904845, 0.243191, -0.349449, -0.417454, 0.667972, -0.616073, 0.0835985, 0.703329, 0.705932; 
3.72, 0.904822, 0.243156, -0.349533, -0.417498, 0.667875, -0.616148, 0.083624, 0.703433, 0.705825; 
3.73, 0.904866, 0.243344, -0.349288, -0.417399, 0.668393, -0.615654, 0.083646, 0.702876, 0.706377; 
3.74, 0.904845, 0.243254, -0.349405, -0.417446, 0.668146, -0.615889, 0.0836359, 0.703142, 0.706114; 
3.75, 0.904846, 0.24336, -0.349327, -0.417431, 0.668436, -0.615584, 0.0836946, 0.702829, 0.706418; 
3.76, 0.904842, 0.243188, -0.349457, -0.417458, 0.667962, -0.61608, 0.083601, 0.703339, 0.705921; 
3.77, 0.904824, 0.243147, -0.349532, -0.417494, 0.667851, -0.616176, 0.0836136, 0.703459, 0.705801; 
3.78, 0.904799, 0.243011, -0.349691, -0.417554, 0.667477, -0.616541, 0.0835841, 0.703861, 0.705403; 
3.79, 0.904824, 0.243119, -0.349553, -0.417499, 0.667774, -0.616257, 0.0835982, 0.703542, 0.70572; 
3.8, 0.904822, 0.243165, -0.349526, -0.417497, 0.667901, -0.61612, 0.0836297, 0.703405, 0.705852; 
3.81, 0.904821, 0.243284, -0.349444, -0.417484, 0.668228, -0.615774, 0.0837004, 0.703053, 0.706194; 
3.82, 0.904836, 0.243336, -0.34937, -0.417452, 0.668371, -0.615641, 0.0837012, 0.7029, 0.706347; 
3.83, 0.904833, 0.243246, -0.349441, -0.417468, 0.668123, -0.615899, 0.0836546, 0.703166, 0.706087; 
3.84, 0.904846, 0.243261, -0.349396, -0.417443, 0.668166, -0.61587, 0.083637, 0.703121, 0.706134; 
3.85, 0.904837, 0.243241, -0.349434, -0.417462, 0.66811, -0.615918, 0.0836438, 0.70318, 0.706074; 
3.86, 0.904829, 0.2432, -0.349484, -0.417481, 0.667996, -0.616028, 0.0836362, 0.703303, 0.705953; 
3.87, 0.904828, 0.243144, -0.349525, -0.417489, 0.667843, -0.616189, 0.0836052, 0.703468, 0.705793; 
3.88, 0.904817, 0.243212, -0.349505, -0.4175, 0.668029, -0.615979, 0.0836663, 0.703267, 0.705985; 
3.89, 0.904822, 0.243215, -0.349491, -0.417491, 0.668039, -0.615975, 0.0836588, 0.703257, 0.705996; 
3.9, 0.904829, 0.243271, -0.349433, -0.417472, 0.668192, -0.615822, 0.083677, 0.703092, 0.706158; 
3.91, 0.904814, 0.243226, -0.349502, -0.417503, 0.668069, -0.615934, 0.0836805, 0.703224, 0.706026; 
3.92, 0.904823, 0.243281, -0.349442, -0.417481, 0.66822, -0.615785, 0.0836953, 0.703062, 0.706186; 
3.93, 0.904828, 0.243357, -0.349377, -0.417464, 0.668429, -0.61557, 0.08373, 0.702837, 0.706406; 
3.94, 0.904809, 0.243284, -0.349477, -0.417506, 0.668229, -0.615758, 0.0837261, 0.703052, 0.706192; 
3.95, 0.904805, 0.243227, -0.349527, -0.417519, 0.66807, -0.615922, 0.0836997, 0.703224, 0.706025; 
3.96, 0.904806, 0.2432, -0.349544, -0.417521, 0.667996, -0.616001, 0.0836823, 0.703304, 0.705947; 
3.97, 0.904811, 0.24321, -0.349522, -0.41751, 0.668023, -0.615979, 0.0836766, 0.703274, 0.705977; 
3.98, 0.904795, 0.243273, -0.349519, -0.417531, 0.668198, -0.615776, 0.0837464, 0.703086, 0.706156; 
