0, 0.93978, 0.341781, 0.000251279, -0.341781, 0.93978, 6.2341e-05, -0.00021484, -0.000144469, 1; 
0.01, 0.939779, 0.341781, 0.000902569, -0.341781, 0.93978, -1.21563e-05, -0.000852371, -0.000297057, 1; 
0.02, 0.94864, 0.316175, -0.010732, -0.316309, 0.948544, -0.0146009, 0.00556333, 0.0172456, 0.999836; 
0.03, 0.956947, 0.290254, -0.00204278, -0.290164, 0.956421, -0.032628, -0.00751666, 0.031816, 0.999465; 
0.04, 0.963645, 0.26716, 0.00385488, -0.266885, 0.963139, -0.0336978, -0.0127155, 0.0314438, 0.999425; 
0.05, 0.969218, 0.246003, 0.00998346, -0.245636, 0.968936, -0.0287515, -0.0167463, 0.0254142, 0.999537; 
0.06, 0.973811, 0.226832, 0.0154756, -0.226482, 0.973777, -0.0215321, -0.0199539, 0.0174632, 0.999648; 
0.07, 0.977683, 0.209189, 0.019404, -0.208941, 0.977827, -0.0140595, -0.0219148, 0.00969137, 0.999713; 
0.08, 0.980985, 0.192849, 0.0218383, -0.192728, 0.981223, -0.00754084, -0.0228825, 0.00318857, 0.999733; 
0.09, 0.983797, 0.177743, 0.0234894, -0.177758, 0.984073, -0.00147877, -0.0233782, -0.00272064, 0.999723; 
0.1, 0.986205, 0.163742, 0.0242554, -0.163869, 0.986476, 0.00335422, -0.0233782, -0.0072826, 0.9997; 
0.11, 0.988264, 0.150814, 0.0242792, -0.151013, 0.98851, 0.00660688, -0.0230038, -0.0101958, 0.999683; 
0.12, 0.990039, 0.138786, 0.0237019, -0.13903, 0.990248, 0.00895661, -0.0222277, -0.0121627, 0.999679; 
0.13, 0.991575, 0.127663, 0.0219306, -0.127868, 0.991757, 0.00821236, -0.0207014, -0.0109474, 0.999726; 
0.14, 0.992863, 0.117397, 0.0210047, -0.117618, 0.993012, 0.00963493, -0.0197268, -0.0120367, 0.999733; 
0.15, 0.993961, 0.107971, 0.0196016, -0.108169, 0.994089, 0.0093405, -0.0184772, -0.0114044, 0.999764; 
0.16, 0.994897, 0.0992454, 0.0181533, -0.0994197, 0.995005, 0.00896204, -0.0171732, -0.0107211, 0.999795; 
0.17, 0.995686, 0.0912315, 0.016919, -0.0913893, 0.995776, 0.00879641, -0.016045, -0.0103046, 0.999818; 
0.18, 0.996365, 0.0837981, 0.0153439, -0.0839245, 0.996442, 0.00778803, -0.0146367, -0.00904752, 0.999852; 
0.19, 0.996933, 0.0769748, 0.0141135, -0.077084, 0.996997, 0.00737155, -0.0135037, -0.00843684, 0.999873; 
0.2, 0.997407, 0.0707664, 0.0131006, -0.0708615, 0.997462, 0.00694171, -0.0125761, -0.00785206, 0.99989; 
0.21, 0.997816, 0.0649874, 0.0118208, -0.0650614, 0.997863, 0.00598053, -0.0114069, -0.00673662, 0.999912; 
0.22, 0.998157, 0.0597188, 0.0107838, -0.0597777, 0.998198, 0.00523438, -0.0104518, -0.0058694, 0.999928; 
0.23, 0.998445, 0.0548836, 0.00974288, -0.0549271, 0.998481, 0.00426239, -0.00949414, -0.00479091, 0.999943; 
0.24, 0.998688, 0.0504456, 0.0088017, -0.0504769, 0.99872, 0.00337241, -0.00862032, -0.00381241, 0.999956; 
0.25, 0.998896, 0.0463256, 0.00775967, -0.0463445, 0.998923, 0.00228505, -0.00764549, -0.00264214, 0.999967; 
0.26, 0.999071, 0.0425242, 0.00694492, -0.0425373, 0.999093, 0.00174977, -0.00686419, -0.00204353, 0.999974; 
0.27, 0.999219, 0.0390249, 0.00625341, -0.0390346, 0.999237, 0.00144056, -0.00619243, -0.00168354, 0.999979; 
0.28, 0.999343, 0.0358173, 0.00546599, -0.0358217, 0.999358, 0.000699415, -0.00543742, -0.000894707, 0.999985; 
0.29, 0.999445, 0.0329386, 0.00493467, -0.0329399, 0.999457, 0.000187344, -0.00492582, -0.000349831, 0.999988; 
0.3, 0.999534, 0.0302121, 0.00448291, -0.0302135, 0.999543, 0.000244158, -0.00447349, -0.000379425, 0.99999; 
0.31, 0.999608, 0.0277041, 0.00411756, -0.0277062, 0.999616, 0.000446497, -0.00410362, -0.000560444, 0.999991; 
0.32, 0.999668, 0.0254565, 0.00386459, -0.0254588, 0.999676, 0.000569401, -0.00384885, -0.000667553, 0.999992; 
0.33, 0.99972, 0.0233939, 0.00346281, -0.0233947, 0.999726, 0.000210002, -0.00345694, -0.000290971, 0.999994; 
0.34, 0.999764, 0.0215035, 0.00325046, -0.0215045, 0.999769, 0.000289537, -0.00324351, -0.000359397, 0.999995; 
0.35, 0.999801, 0.0197456, 0.00284611, -0.0197454, 0.999805, -0.000100437, -0.00284754, 4.42455e-05, 0.999996; 
0.36, 0.999832, 0.0181458, 0.00261613, -0.0181455, 0.999835, -0.000146425, -0.00261832, 9.89626e-05, 0.999997; 
0.37, 0.999858, 0.016683, 0.00257045, -0.0166836, 0.999861, 0.000232224, -0.00256625, -0.000275146, 0.999997; 
0.38, 0.999879, 0.0153533, 0.00242755, -0.0153539, 0.999882, 0.000233126, -0.0024237, -0.000270467, 0.999997; 
0.39, 0.999899, 0.014079, 0.00211538, -0.014079, 0.999901, 1.08621e-05, -0.00211505, -4.06313e-05, 0.999998; 
0.4, 0.999915, 0.0129145, 0.00176222, -0.0129139, 0.999917, -0.000407239, -0.00176731, 0.000384499, 0.999998; 
0.41, 0.999928, 0.0118688, 0.00172726, -0.0118686, 0.99993, -0.000116933, -0.0017285, 9.6519e-05, 0.999999; 
0.42, 0.999941, 0.0108298, 0.00139428, -0.0108294, 0.999941, -0.00027725, -0.00139718, 0.000262131, 0.999999; 
0.43, 0.99995, 0.00993086, 0.00138177, -0.00993102, 0.999951, 0.000100368, -0.00138072, -0.000114124, 0.999999; 
0.44, 0.999958, 0.00910973, 0.00115418, -0.00910957, 0.999958, -0.000168815, -0.00115565, 0.00015827, 0.999999; 
0.45, 0.999964, 0.00842371, 0.00110204, -0.00842332, 0.999964, -0.00032792, -0.00110476, 0.000318666, 0.999999; 
0.46, 0.99997, 0.00769947, 0.00105739, -0.00769945, 0.99997, 1.07315e-05, -0.0010573, -1.88754e-05, 0.999999; 
0.47, 0.999974, 0.00709718, 0.000982739, -0.0070971, 0.999975, -8.80901e-05, -0.00098332, 8.10816e-05, 0.999999; 
0.48, 0.999978, 0.00653552, 0.000967234, -0.00653551, 0.999979, 1.11664e-05, -0.00096713, -1.73852e-05, 1; 
0.49, 0.999982, 0.00598879, 0.000937953, -0.00598901, 0.999982, 0.000215338, -0.000936627, -0.000220875, 0.999999; 
0.5, 0.999984, 0.00553137, 0.000877298, -0.00553141, 0.999985, 8.74938e-05, -0.000876777, -9.23082e-05, 1; 
0.51, 0.999986, 0.00513399, 0.00103977, -0.00513448, 0.999987, 0.000454738, -0.0010374, -0.000459979, 0.999999; 
0.52, 0.999988, 0.00480212, 0.00103071, -0.00480231, 0.999988, 0.000195337, -0.00102977, -0.000200252, 0.999999; 
0.53, 0.999989, 0.00446954, 0.00118858, -0.00447015, 0.99999, 0.000551504, -0.0011861, -0.000556867, 0.999999; 
0.54, 0.999991, 0.00404551, 0.00108093, -0.0040464, 0.999992, 0.00077475, -0.00107777, -0.000779043, 0.999999; 
0.55, 0.999992, 0.00379595, 0.00127518, -0.00379732, 0.999992, 0.0010883, -0.00127101, -0.00109307, 0.999999; 
0.56, 0.999993, 0.00356461, 0.00142293, -0.00356644, 0.999993, 0.0013054, -0.00141823, -0.00131051, 0.999998; 
0.57, 0.999993, 0.00337837, 0.00132269, -0.00337928, 0.999994, 0.000730465, -0.0013202, -0.000734876, 0.999999; 
0.58, 0.999995, 0.00308245, 0.00121748, -0.00308337, 0.999995, 0.000781283, -0.00121503, -0.000785033, 0.999999; 
0.59, 0.999995, 0.00284191, 0.00110719, -0.00284264, 0.999996, 0.000636205, -0.00110535, -0.0006393, 0.999999; 
0.6, 0.999996, 0.00261195, 0.0009197, -0.00261225, 0.999997, 0.000311543, -0.00091885, -0.000313978, 1; 
0.61, 0.999997, 0.00238038, 0.000706017, -0.00238041, 0.999997, -8.74422e-07, -0.000706002, -8.14711e-07, 1; 
0.62, 0.999998, 0.00215551, 0.000433952, -0.00215533, 0.999998, -0.000436231, -0.000434861, 0.000435253, 1; 
0.63, 0.999998, 0.00198941, 0.000462472, -0.00198923, 0.999998, -0.000268978, -0.000462994, 0.000268002, 1; 
0.64, 0.999998, 0.00185831, 0.000311419, -0.0018581, 0.999998, -0.000706874, -0.000312701, 0.000706305, 1; 
0.65, 0.999999, 0.00171208, 0.00023675, -0.00171189, 0.999998, -0.000806249, -0.00023812, 0.000805904, 1; 
0.66, 0.999999, 0.00158161, 0.000272781, -0.00158142, 0.999999, -0.000628853, -0.000273749, 0.000628461, 1; 
0.67, 0.999999, 0.00145176, 0.000223964, -0.00145162, 0.999999, -0.000641523, -0.000224858, 0.000641247, 1; 
0.68, 0.999999, 0.00135396, 0.000133455, -0.00135382, 0.999999, -0.000883145, -0.000134587, 0.000882973, 1; 
0.69, 0.999999, 0.00126775, 0.000146121, -0.00126765, 0.999999, -0.000859783, -0.000147179, 0.000859638, 1; 
0.7, 0.999999, 0.00117379, -0.000127286, -0.00117403, 0.999998, -0.00154966, 0.000125498, 0.00154977, 0.999999; 
0.71, 1, 0.00108379, -5.01425e-05, -0.00108387, 0.999999, -0.00126299, 4.88014e-05, 0.00126307, 0.999999; 
0.72, 1, 0.00099308, -0.000111789, -0.000993222, 0.999999, -0.00132504, 0.000110492, 0.00132509, 0.999999; 
0.73, 1, 0.000942774, -1.77771e-05, -0.000942798, 0.999999, -0.00112614, 1.6749e-05, 0.0011261, 0.999999; 
0.74, 1, 0.000890724, -2.16067e-05, -0.000890794, 0.999999, -0.00116343, 2.05935e-05, 0.00116341, 0.999999; 
0.75, 1, 0.000796761, -3.63589e-05, -0.00079681, 0.999999, -0.00100715, 3.55692e-05, 0.00100719, 0.999999; 
0.76, 1, 0.000734951, -2.42293e-05, -0.000734954, 0.999999, -0.000910645, 2.35588e-05, 0.0009106, 1; 
0.77, 1, 0.000681679, -0.000159428, -0.000681854, 0.999999, -0.00124135, 0.000158608, 0.00124144, 0.999999; 
0.78, 1, 0.000635154, -0.00029473, -0.000635603, 0.999999, -0.00158658, 0.000293732, 0.00158676, 0.999999; 
0.79, 1, 0.000574793, -0.00029552, -0.000575226, 0.999999, -0.0014799, 0.000294671, 0.00148015, 0.999999; 
0.8, 1, 0.000493396, -0.000350848, -0.000493921, 0.999999, -0.00141047, 0.000350192, 0.00141071, 0.999999; 
0.81, 1, 0.000487249, -0.000411645, -0.000487991, 0.999998, -0.00169818, 0.000410825, 0.00169837, 0.999998; 
0.82, 1, 0.000471059, -0.000257582, -0.00047149, 0.999999, -0.0013342, 0.000256956, 0.00133439, 0.999999; 
0.83, 1, 0.00043508, -0.000365838, -0.000435667, 0.999999, -0.00158733, 0.000365183, 0.00158744, 0.999999; 
0.84, 1, 0.000405322, -0.000355795, -0.000405916, 0.999999, -0.00153441, 0.000355184, 0.0015346, 0.999999; 
0.85, 1, 0.000376511, -0.000467926, -0.000377344, 0.999998, -0.00181251, 0.000467256, 0.00181275, 0.999998; 
0.86, 1, 0.000350039, -0.000496298, -0.000350966, 0.999998, -0.00186335, 0.000495628, 0.00186347, 0.999998; 
0.87, 1, 0.000317622, -0.00069131, -0.000319211, 0.999997, -0.00233714, 0.000690565, 0.00233739, 0.999997; 
0.88, 1, 0.000298951, -0.000700697, -0.000300597, 0.999997, -0.00235653, 0.000699967, 0.0023567, 0.999997; 
0.89, 1, 0.000267889, -0.000738353, -0.00026968, 0.999997, -0.00238879, 0.000737712, 0.00238903, 0.999997; 
0.9, 1, 0.00025722, -0.000776052, -0.000259171, 0.999997, -0.00251066, 0.000775427, 0.00251087, 0.999996; 
0.91, 1, 0.00022852, -0.000479564, -0.000229289, 0.999999, -0.00162234, 0.000479192, 0.0016224, 0.999999; 
0.92, 1, 0.000204909, -0.000518546, -0.0002058, 0.999999, -0.00167657, 0.000518218, 0.00167673, 0.999998; 
0.93, 1, 0.000228274, -0.000359744, -0.000228792, 0.999999, -0.00139983, 0.000359491, 0.00139998, 0.999999; 
0.94, 1, 0.000194926, -0.000329033, -0.000195308, 0.999999, -0.00120865, 0.000328809, 0.00120874, 0.999999; 
0.95, 1, 0.000240665, -0.000283808, -0.000241029, 0.999999, -0.0013396, 0.000283495, 0.00133975, 0.999999; 
0.96, 1, 0.000168245, -0.000400484, -0.000168767, 0.999999, -0.00136737, 0.000400275, 0.00136744, 0.999999; 
0.97, 1, 0.0001189, -0.000410005, -0.000119394, 0.999999, -0.00120437, 0.000409871, 0.00120445, 0.999999; 
0.98, 1, 0.000137318, -0.000567302, -0.00013826, 0.999998, -0.00175565, 0.000567064, 0.00175574, 0.999998; 
0.99, 1, 7.20431e-05, -0.000651896, -7.31646e-05, 0.999998, -0.00172028, 0.000651792, 0.0017203, 0.999998; 
1, 1, 5.5026e-05, -0.000802413, -5.66784e-05, 0.999998, -0.00208527, 0.000802308, 0.00208523, 0.999997; 
1.01, 1, 0.00013997, -0.000758469, -0.000141758, 0.999997, -0.00237759, 0.000758097, 0.00237756, 0.999997; 
1.02, 1, 0.000125188, -0.000690117, -0.000126666, 0.999998, -0.00214404, 0.000689835, 0.00214418, 0.999997; 
1.03, 1, 0.000154573, -0.000465542, -0.000155337, 0.999999, -0.00168106, 0.000465274, 0.00168117, 0.999998; 
1.04, 1, 0.000106077, -0.000459075, -0.000106704, 0.999999, -0.00146194, 0.000458896, 0.001462, 0.999999; 
1.05, 1, 4.4789e-05, -0.000338152, -4.51049e-05, 1, -0.000870255, 0.000338107, 0.000870249, 0.999999; 
1.06, 1, 5.02428e-05, -0.000320464, -5.0524e-05, 1, -0.000863542, 0.000320435, 0.000863513, 1; 
1.07, 1, 0.000116568, -0.000476748, -0.000117327, 0.999999, -0.00160805, 0.000476554, 0.00160815, 0.999998; 
1.08, 1, 9.39255e-05, -0.000486434, -9.47221e-05, 0.999999, -0.00154722, 0.0004863, 0.00154718, 0.999999; 
1.09, 1, 0.00010677, -0.000430539, -0.00010744, 0.999999, -0.00146461, 0.00043039, 0.00146475, 0.999999; 
1.1, 1, 0.000112075, -0.000655711, -0.000113496, 0.999998, -0.0021198, 0.000655487, 0.00211989, 0.999997; 
1.11, 1, 0.000112597, -0.000727162, -0.000114292, 0.999997, -0.00232954, 0.000726909, 0.00232961, 0.999997; 
1.12, 1, 9.06548e-05, -0.00062792, -9.18933e-05, 0.999998, -0.00196723, 0.000627741, 0.00196724, 0.999998; 
1.13, 1, 0.000109758, -0.000725731, -0.000111496, 0.999997, -0.00233061, 0.000725478, 0.00233071, 0.999997; 
1.14, 1, 9.05132e-05, -0.000758827, -9.2269e-05, 0.999997, -0.00234266, 0.000758618, 0.00234278, 0.999997; 
1.15, 1, 8.12745e-05, -0.000718579, -8.28557e-05, 0.999998, -0.00219837, 0.00071843, 0.00219845, 0.999997; 
1.16, 1, 6.62467e-05, -0.00064674, -6.75055e-05, 0.999998, -0.0019397, 0.000646606, 0.00193968, 0.999998; 
1.17, 1, 7.51054e-05, -0.000523463, -7.59966e-05, 0.999999, -0.00164552, 0.000523344, 0.00164565, 0.999999; 
1.18, 1, 7.41369e-05, -0.00049156, -7.4828e-05, 0.999999, -0.00155871, 0.000491426, 0.00155865, 0.999999; 
1.19, 1, 7.56866e-05, -0.000445753, -7.63036e-05, 0.999999, -0.0014447, 0.000445634, 0.00144478, 0.999999; 
1.2, 1, 6.86979e-05, -0.000469521, -6.94148e-05, 0.999999, -0.0014847, 0.000469431, 0.00148474, 0.999999; 
1.21, 1, 4.43047e-05, -0.000558063, -4.51611e-05, 0.999999, -0.00162513, 0.000558019, 0.0016252, 0.999999; 
1.22, 1, 5.4065e-05, -0.000493333, -5.4789e-05, 0.999999, -0.00149406, 0.000493243, 0.00149407, 0.999999; 
1.23, 1, 4.19727e-05, -0.000601754, -4.30092e-05, 0.999998, -0.00174347, 0.000601679, 0.00174358, 0.999998; 
1.24, 1, 2.71535e-05, -0.000629053, -2.82369e-05, 0.999998, -0.00175638, 0.000628963, 0.00175636, 0.999998; 
1.25, 1, 1.69164e-05, -0.000897676, -1.91213e-05, 0.999997, -0.00245481, 0.000897661, 0.00245475, 0.999996; 
1.26, 1, 1.82054e-05, -0.000954673, -2.06543e-05, 0.999997, -0.00261969, 0.000954598, 0.0026197, 0.999996; 
1.27, 0.999999, 3.3787e-06, -0.0011089, -6.67218e-06, 0.999996, -0.00298211, 0.00110889, 0.0029821, 0.999995; 
1.28, 0.999999, -1.92611e-06, -0.00116596, -1.71137e-06, 0.999995, -0.00311827, 0.00116593, 0.00311824, 0.999994; 
1.29, 0.999999, -2.49484e-05, -0.00128631, 2.0641e-05, 0.999994, -0.00335123, 0.00128643, 0.00335123, 0.999994; 
1.3, 0.999999, -2.14541e-05, -0.00125891, 1.73081e-05, 0.999995, -0.00329148, 0.00125895, 0.00329145, 0.999994; 
1.31, 0.999999, -3.63478e-05, -0.00140983, 3.12566e-05, 0.999993, -0.00364403, 0.00140995, 0.00364401, 0.999992; 
1.32, 0.999999, -3.07226e-05, -0.00134063, 2.60852e-05, 0.999994, -0.00347825, 0.00134067, 0.00347819, 0.999993; 
1.33, 0.999999, -8.72103e-06, -0.00141819, 3.37825e-06, 0.999993, -0.00378851, 0.00141823, 0.00378855, 0.999992; 
1.34, 0.999999, 4.64533e-06, -0.00127721, -9.0244e-06, 0.999994, -0.00345766, 0.00127721, 0.00345766, 0.999993; 
1.35, 0.999999, 1.59032e-05, -0.00129148, -2.05051e-05, 0.999994, -0.00354638, 0.00129147, 0.00354644, 0.999993; 
1.36, 0.999999, 1.04791e-05, -0.00124678, -1.47423e-05, 0.999994, -0.00340094, 0.00124674, 0.00340091, 0.999993; 
1.37, 0.999999, 1.76019e-05, -0.00126041, -2.19735e-05, 0.999994, -0.00347064, 0.00126037, 0.00347071, 0.999993; 
1.38, 1, 1.09485e-05, -0.00104038, -1.38907e-05, 0.999996, -0.00283553, 0.00104034, 0.00283547, 0.999995; 
1.39, 0.999999, 6.14293e-06, -0.00104396, -9.04664e-06, 0.999996, -0.0028263, 0.00104396, 0.0028263, 0.999995; 
1.4, 1, 1.47856e-05, -0.0010605, -1.78699e-05, 0.999996, -0.00291058, 0.00106047, 0.00291064, 0.999995; 
1.41, 1, -4.53374e-06, -0.000990391, 1.88601e-06, 0.999996, -0.00263636, 0.000990376, 0.00263628, 0.999996; 
1.42, 0.999999, -2.01054e-05, -0.000989303, 1.75994e-05, 0.999997, -0.00256857, 0.000989363, 0.00256862, 0.999996; 
1.43, 0.999999, -3.16688e-05, -0.00109777, 2.85647e-05, 0.999996, -0.00281979, 0.00109784, 0.00281974, 0.999995; 
1.44, 1, 3.49055e-06, -0.00101894, -6.26676e-06, 0.999996, -0.00275218, 0.00101894, 0.00275215, 0.999996; 
1.45, 1, 1.73039e-05, -0.000963479, -1.99077e-05, 0.999996, -0.0026583, 0.000963405, 0.00265824, 0.999996; 
1.46, 1, 4.04752e-05, -0.000928313, -4.29468e-05, 0.999996, -0.00266019, 0.000928194, 0.0026603, 0.999996; 
1.47, 1, 2.90759e-05, -0.00100288, -3.1893e-05, 0.999996, -0.00281833, 0.0010028, 0.00281834, 0.999996; 
1.48, 1, 3.14079e-05, -0.000698149, -3.27775e-05, 0.999998, -0.00198899, 0.00069809, 0.00198903, 0.999998; 
1.49, 1, 3.16612e-05, -0.000787586, -3.34094e-05, 0.999997, -0.00223699, 0.000787512, 0.00223707, 0.999997; 
1.5, 1, 1.3783e-07, -0.000804529, -1.87284e-06, 0.999998, -0.00215259, 0.000804514, 0.00215252, 0.999997; 
1.51, 1, -6.9391e-05, -0.00085488, 6.77215e-05, 0.999998, -0.00200187, 0.000854999, 0.00200178, 0.999997; 
1.52, 1, -3.16985e-05, -0.000552952, 3.09653e-05, 0.999999, -0.00132907, 0.000552952, 0.00132906, 0.999999; 
1.53, 1, -3.32035e-05, -0.000434533, 3.27849e-05, 0.999999, -0.000997281, 0.000434578, 0.000997238, 0.999999; 
1.54, 1, 2.09995e-05, -0.000172853, -2.10224e-05, 1, -0.000504343, 0.000172854, 0.000504307, 1; 
1.55, 1, -4.16077e-05, -0.000282675, 4.14892e-05, 1, -0.000546993, 0.00028272, 0.000546955, 1; 
1.56, 1, 2.93889e-05, -0.000200108, -2.94886e-05, 1, -0.000615504, 0.000200078, 0.0006155, 1; 
1.57, 1, 5.68517e-05, -3.27081e-05, -5.68421e-05, 1, -0.000269527, 3.26932e-05, 0.000269495, 1; 
1.58, 1, 9.92306e-05, 2.19792e-05, -9.92143e-05, 1, -0.00029501, -2.19941e-05, 0.000294887, 1; 
1.59, 1, 9.38439e-05, -1.23978e-05, -9.38645e-05, 1, -0.000368256, 1.2368e-05, 0.00036823, 1; 
1.6, 1, 0.000102338, -0.000281096, -0.000102655, 0.999999, -0.00114184, 0.000280947, 0.0011419, 0.999999; 
1.61, 1, 0.000115473, -0.000251502, -0.000115751, 0.999999, -0.00111494, 0.000251368, 0.00111502, 0.999999; 
1.62, 1, 8.43742e-05, -0.000314131, -8.47688e-05, 0.999999, -0.00115992, 0.000314057, 0.00115996, 0.999999; 
1.63, 1, 0.000142116, -0.000259623, -0.000142434, 0.999999, -0.00124596, 0.000259459, 0.00124597, 0.999999; 
1.64, 1, 9.11468e-05, -6.86199e-05, -9.11419e-05, 1, -0.000511976, 6.85901e-05, 0.000511907, 1; 
1.65, 1, 8.20571e-05, 4.93079e-05, -8.20181e-05, 1, -0.000150909, -4.93228e-05, 0.000150852, 1; 
1.66, 1, 5.77533e-05, -4.44949e-05, -5.77849e-05, 1, -0.000309515, 4.44949e-05, 0.00030952, 1; 
1.67, 1, 5.29104e-05, -2.89083e-05, -5.2903e-05, 1, -0.000246587, 2.88636e-05, 0.000246577, 1; 
1.68, 1, 6.63811e-05, -0.000133142, -6.64591e-05, 1, -0.000587869, 0.000133112, 0.000587814, 1; 
1.69, 1, 7.61413e-05, -0.000194445, -7.62851e-05, 1, -0.00079575, 0.000194401, 0.000795745, 1; 
1.7, 1, 7.18573e-05, -0.000177875, -7.19918e-05, 1, -0.000732009, 0.000177816, 0.000731998, 1; 
1.71, 1, 5.97352e-05, -0.000265956, -5.99587e-05, 1, -0.000924335, 0.000265852, 0.000924312, 1; 
1.72, 1, 5.36108e-05, -0.000387564, -5.41188e-05, 0.999999, -0.00123392, 0.00038749, 0.00123393, 0.999999; 
1.73, 1, 4.11609e-05, -0.00037545, -4.15953e-05, 0.999999, -0.00114942, 0.00037539, 0.00114935, 0.999999; 
1.74, 1, 3.32707e-05, -0.000435874, -3.38476e-05, 0.999999, -0.00128336, 0.000435859, 0.00128346, 0.999999; 
1.75, 1, 2.76232e-05, -0.000530764, -2.83909e-05, 0.999999, -0.00152044, 0.00053072, 0.00152045, 0.999999; 
1.76, 1, 1.0919e-05, -0.000503138, -1.15935e-05, 0.999999, -0.00137724, 0.000503123, 0.00137716, 0.999999; 
1.77, 1, 5.42791e-06, -0.00045459, -6.00258e-06, 0.999999, -0.00122075, 0.00045459, 0.00122079, 0.999999; 
1.78, 1, 1.31914e-05, -0.000484705, -1.38438e-05, 0.999999, -0.00133378, 0.000484705, 0.00133377, 0.999999; 
1.79, 1, 1.03006e-05, -0.000436097, -1.0806e-05, 0.999999, -0.00118745, 0.000436068, 0.00118744, 0.999999; 
1.8, 1, 4.41039e-05, -0.000331476, -4.44335e-05, 1, -0.00103394, 0.000331417, 0.0010339, 0.999999; 
1.81, 1, 5.80663e-05, -0.000386596, -5.85394e-05, 0.999999, -0.00124057, 0.000386536, 0.0012406, 0.999999; 
1.82, 1, 3.85756e-05, -0.000511631, -3.93199e-05, 0.999999, -0.00150713, 0.000511572, 0.00150722, 0.999999; 
1.83, 1, 2.61927e-05, -0.000480264, -2.68521e-05, 0.999999, -0.00137164, 0.000480279, 0.00137176, 0.999999; 
1.84, 1, 3.28908e-05, -0.00053589, -3.37346e-05, 0.999999, -0.00155126, 0.000535876, 0.00155129, 0.999999; 
1.85, 1, 5.51233e-05, -0.000699207, -5.65841e-05, 0.999998, -0.00208792, 0.000699073, 0.00208797, 0.999997; 
1.86, 1, 6.28868e-05, -0.000611126, -6.40378e-05, 0.999998, -0.00187543, 0.000611007, 0.00187548, 0.999998; 
1.87, 1, 6.99425e-05, -0.000512734, -7.07943e-05, 0.999999, -0.00163224, 0.000512645, 0.00163221, 0.999998; 
1.88, 1, 5.40356e-05, -0.000563174, -5.50521e-05, 0.999999, -0.001708, 0.0005631, 0.00170793, 0.999998; 
1.89, 1, 5.20537e-05, -0.000534311, -5.29125e-05, 0.999999, -0.00162031, 0.000534222, 0.00162032, 0.999998; 
1.9, 1, 4.66521e-05, -0.000417352, -4.72306e-05, 0.999999, -0.00127751, 0.000417292, 0.00127753, 0.999999; 
1.91, 1, 6.01376e-05, -0.000362828, -6.05534e-05, 0.999999, -0.00117984, 0.000362769, 0.00117987, 0.999999; 
1.92, 1, 4.60188e-05, -0.000389799, -4.65013e-05, 0.999999, -0.00119891, 0.00038974, 0.00119891, 0.999999; 
1.93, 1, 4.70022e-05, -0.000338808, -4.73761e-05, 0.999999, -0.00106285, 0.000338748, 0.0010628, 0.999999; 
1.94, 1, 3.38296e-05, -0.000423163, -3.43499e-05, 0.999999, -0.00124363, 0.000423104, 0.00124367, 0.999999; 
1.95, 1, 1.77215e-05, -0.000403419, -1.8141e-05, 0.999999, -0.00112612, 0.000403375, 0.00112607, 0.999999; 
1.96, 1, 1.32276e-06, -0.00036785, -1.70275e-06, 1, -0.000965173, 0.000367865, 0.000965172, 0.999999; 
1.97, 1, 2.82864e-05, -0.000498444, -2.90312e-05, 0.999999, -0.00142922, 0.000498444, 0.00142925, 0.999999; 
1.98, 1, 1.35492e-05, -0.000629947, -1.46114e-05, 0.999999, -0.00173325, 0.000629947, 0.0017333, 0.999998; 
1.99, 1, -4.8991e-05, -0.000669897, 4.79348e-05, 0.999999, -0.00160179, 0.000669971, 0.00160181, 0.999998; 
2, 1, -9.60489e-05, -0.000899494, 9.42437e-05, 0.999998, -0.00205251, 0.000899717, 0.00205242, 0.999997; 
2.01, 1, -0.000133332, -0.000858724, 0.000131812, 0.999998, -0.00179647, 0.000858963, 0.00179627, 0.999998; 
2.02, 1, -0.000160213, -0.000870466, 0.000158722, 0.999999, -0.00172514, 0.000870735, 0.00172501, 0.999998; 
2.03, 1, -0.000162955, -0.000924334, 0.000161252, 0.999998, -0.00186227, 0.000924662, 0.0018621, 0.999998; 
2.04, 1, -0.000131894, -0.000663966, 0.000131022, 0.999999, -0.00126405, 0.00066413, 0.00126388, 0.999999; 
2.05, 1, -7.07541e-05, -0.000624597, 6.9893e-05, 0.999999, -0.00138858, 0.000624701, 0.00138848, 0.999999; 
2.06, 1, 1.07478e-05, -0.00058642, -1.16626e-05, 0.999999, -0.00159388, 0.000586406, 0.00159388, 0.999999; 
2.07, 1, 3.00666e-06, -0.00047721, -3.56825e-06, 0.999999, -0.00126416, 0.000477195, 0.00126409, 0.999999; 
2.08, 1, -1.28631e-05, -0.000569612, 1.20517e-05, 0.999999, -0.00145864, 0.000569657, 0.00145858, 0.999999; 
2.09, 1, 3.93799e-06, -0.00052613, -4.62225e-06, 0.999999, -0.00140352, 0.000526115, 0.0014035, 0.999999; 
2.1, 1, 2.45761e-05, -0.000443205, -2.5112e-05, 0.999999, -0.00125405, 0.000443176, 0.00125408, 0.999999; 
2.11, 1, 4.46405e-05, -0.000584185, -4.56252e-05, 0.999999, -0.00171825, 0.000584111, 0.00171834, 0.999998; 
2.12, 1, 2.30115e-05, -0.000626579, -2.4117e-05, 0.999999, -0.0017536, 0.000626534, 0.00175365, 0.999998; 
2.13, 1, -2.63635e-05, -0.000650689, 2.53182e-05, 0.999999, -0.00163406, 0.000650719, 0.00163403, 0.999998; 
2.14, 1, -5.33796e-06, -0.000817925, 3.5614e-06, 0.999998, -0.00217441, 0.000817925, 0.00217437, 0.999997; 
2.15, 1, 6.65453e-05, -0.000652775, -6.78453e-05, 0.999998, -0.00198991, 0.000652626, 0.00198987, 0.999998; 
2.16, 1, 8.23778e-05, -0.000444815, -8.30034e-05, 0.999999, -0.00147585, 0.000444695, 0.00147586, 0.999999; 
2.17, 1, 6.63665e-05, -0.000498459, -6.71412e-05, 0.999999, -0.00156303, 0.000498325, 0.00156304, 0.999999; 
2.18, 1, 5.72693e-05, -0.000424236, -5.78019e-05, 0.999999, -0.00132551, 0.000424162, 0.00132539, 0.999999; 
2.19, 1, 5.0832e-05, -0.000227287, -5.10134e-05, 1, -0.000760447, 0.000227273, 0.00076049, 1; 
2.2, 1, 6.92648e-05, -0.000339553, -6.97126e-05, 0.999999, -0.001138, 0.000339493, 0.00113803, 0.999999; 
2.21, 1, 4.27854e-05, -0.000498191, -4.35505e-05, 0.999999, -0.00147655, 0.000498146, 0.00147649, 0.999999; 
2.22, 1, 1.63731e-05, -0.000511199, -1.70989e-05, 0.999999, -0.001415, 0.000511214, 0.00141498, 0.999999; 
2.23, 1, 2.27359e-05, -0.000485361, -2.34204e-05, 0.999999, -0.00136753, 0.000485331, 0.00136756, 0.999999; 
2.24, 1, 1.28192e-05, -0.000456423, -1.33798e-05, 0.999999, -0.00125094, 0.000456408, 0.00125092, 0.999999; 
2.25, 1, 1.2551e-05, -0.000338405, -1.29178e-05, 1, -0.000925852, 0.000338465, 0.000925833, 0.999999; 
2.26, 1, 1.58516e-05, -0.000321835, -1.61096e-05, 1, -0.000891926, 0.000321835, 0.000891889, 0.999999; 
2.27, 1, 7.84968e-06, -0.000304341, -8.16021e-06, 1, -0.000814993, 0.000304356, 0.000814939, 1; 
2.28, 1, 1.26337e-06, -0.000372022, -1.63398e-06, 1, -0.000976672, 0.000372022, 0.000976706, 0.999999; 
2.29, 1, -4.52572e-06, -0.000292659, 4.33095e-06, 1, -0.000737356, 0.000292644, 0.000737274, 1; 
2.3, 1, 2.6641e-06, -0.000350878, -2.97103e-06, 1, -0.000923918, 0.000350893, 0.000923956, 0.999999; 
2.31, 1, 5.45807e-06, -0.000398263, -5.91817e-06, 0.999999, -0.00106463, 0.000398278, 0.00106471, 0.999999; 
2.32, 1, 4.03502e-06, -0.000310346, -4.32689e-06, 1, -0.000817435, 0.000310332, 0.000817383, 1; 
2.33, 1, 9.31749e-06, -0.000332847, -9.60295e-06, 1, -0.000898459, 0.000332847, 0.000898445, 0.999999; 
2.34, 1, 6.41922e-06, -0.000417739, -6.88294e-06, 0.999999, -0.00112146, 0.000417739, 0.00112143, 0.999999; 
2.35, 1, -9.44307e-06, -0.000443712, 8.95155e-06, 0.999999, -0.00113472, 0.000443712, 0.00113463, 0.999999; 
2.36, 1, -6.21697e-06, -0.000617161, 5.24669e-06, 0.999999, -0.00162361, 0.000617147, 0.00162371, 0.999998; 
2.37, 1, -8.67438e-07, -0.000568181, 4.39998e-08, 0.999999, -0.00150813, 0.000568181, 0.0015082, 0.999999; 
2.38, 1, 2.41083e-06, -0.00054583, -3.16755e-06, 0.999999, -0.00145794, 0.000545845, 0.00145792, 0.999999; 
2.39, 1, 1.0003e-05, -0.000672892, -1.12204e-05, 0.999998, -0.00183477, 0.000672877, 0.00183477, 0.999998; 
2.4, 1, 1.20668e-05, -0.000664979, -1.32491e-05, 0.999998, -0.00181988, 0.00066495, 0.00181993, 0.999998; 
2.41, 1, 1.10759e-05, -0.000813052, -1.28616e-05, 0.999997, -0.00222376, 0.000812993, 0.00222367, 0.999997; 
2.42, 1, 1.5658e-05, -0.00080274, -1.7417e-05, 0.999998, -0.0022114, 0.000802711, 0.0022113, 0.999997; 
2.43, 1, 2.92851e-05, -0.000882953, -3.14578e-05, 0.999997, -0.00248116, 0.000882879, 0.00248113, 0.999996; 
2.44, 1, 3.30327e-05, -0.000830919, -3.49873e-05, 0.999997, -0.00235049, 0.000830859, 0.00235056, 0.999997; 
2.45, 1, 4.08335e-05, -0.000847608, -4.28768e-05, 0.999997, -0.00242343, 0.000847504, 0.00242349, 0.999997; 
2.46, 1, 3.25783e-05, -0.000714585, -3.40366e-05, 0.999998, -0.00202795, 0.000714541, 0.00202798, 0.999998; 
2.47, 1, 2.26243e-05, -0.000667378, -2.38622e-05, 0.999998, -0.00186249, 0.000667349, 0.00186249, 0.999998; 
2.48, 1, 1.21041e-05, -0.000524759, -1.28873e-05, 0.999999, -0.00143293, 0.000524759, 0.00143286, 0.999999; 
2.49, 1, 1.53377e-05, -0.000455633, -1.58691e-05, 0.999999, -0.00125408, 0.000455603, 0.00125402, 0.999999; 
2.5, 1, 1.99496e-05, -0.000378937, -2.03361e-05, 0.999999, -0.00105985, 0.000378892, 0.00105986, 0.999999; 
2.51, 1, 1.88246e-05, -0.000348493, -1.91847e-05, 0.999999, -0.000972424, 0.000348449, 0.000972475, 0.999999; 
2.52, 1, 5.51039e-06, -0.000232995, -5.62764e-06, 1, -0.000608632, 0.00023298, 0.000608589, 1; 
2.53, 1, 1.19924e-05, -0.000339434, -1.22916e-05, 1, -0.000924376, 0.000339389, 0.000924433, 0.999999; 
2.54, 1, 4.04164e-05, -0.000273898, -4.06699e-05, 1, -0.000845387, 0.000273913, 0.000845398, 1; 
2.55, 1, 3.60131e-05, -0.00012219, -3.60662e-05, 1, -0.000412669, 0.00012216, 0.000412668, 1; 
2.56, 1, 3.77267e-05, -0.000357434, -3.80704e-05, 0.999999, -0.00106523, 0.000357375, 0.00106528, 0.999999; 
2.57, 1, 2.08288e-05, -0.000427961, -2.13578e-05, 0.999999, -0.00120115, 0.000427902, 0.00120118, 0.999999; 
2.58, 1, 1.75208e-05, -0.000585884, -1.84848e-05, 0.999999, -0.00162385, 0.000585884, 0.00162386, 0.999998; 
2.59, 1, -2.93956e-05, -0.000887126, 2.73744e-05, 0.999997, -0.00229003, 0.000887215, 0.00229007, 0.999997; 
2.6, 1, -4.37454e-05, -0.00101465, 4.11168e-05, 0.999997, -0.00259049, 0.00101477, 0.00259047, 0.999996; 
2.61, 1, -1.11714e-05, -0.00109622, 7.93853e-06, 0.999996, -0.00292764, 0.00109622, 0.00292775, 0.999995; 
2.62, 1, 7.60004e-05, -0.00103241, -7.91336e-05, 0.999995, -0.00305457, 0.00103217, 0.00305458, 0.999995; 
2.63, 1, 7.71627e-05, -0.00109556, -8.06857e-05, 0.999995, -0.00323041, 0.00109532, 0.00323048, 0.999994; 
2.64, 0.999999, 9.45076e-05, -0.00104478, -9.78028e-05, 0.999995, -0.00315003, 0.00104448, 0.00315013, 0.999994; 
2.65, 1, 9.76518e-05, -0.00101501, -0.000100812, 0.999995, -0.00307782, 0.00101474, 0.00307789, 0.999995; 
2.66, 0.999999, 6.68064e-05, -0.00101578, -6.9796e-05, 0.999996, -0.00297359, 0.0010156, 0.00297367, 0.999995; 
2.67, 0.999999, 5.02661e-05, -0.00107631, -5.35564e-05, 0.999995, -0.00308297, 0.00107619, 0.00308308, 0.999995; 
2.68, 1, 7.22751e-05, -0.000959575, -7.50198e-05, 0.999996, -0.00283685, 0.000959367, 0.00283688, 0.999996; 
2.69, 1, 5.64948e-05, -0.000902593, -5.8873e-05, 0.999997, -0.00262496, 0.000902534, 0.00262507, 0.999996; 
2.7, 1, 5.76124e-05, -0.000974208, -6.03884e-05, 0.999996, -0.00282653, 0.000974059, 0.00282663, 0.999995; 
2.71, 0.999999, 1.69322e-05, -0.00107485, -2.01275e-05, 0.999995, -0.00296483, 0.00107485, 0.00296482, 0.999995; 
2.72, 1, 1.06589e-05, -0.000916153, -1.29464e-05, 0.999997, -0.00250653, 0.000916153, 0.00250658, 0.999996; 
2.73, 1, 2.57687e-05, -0.000968575, -2.83945e-05, 0.999996, -0.00270259, 0.000968486, 0.00270253, 0.999996; 
2.74, 1, 2.8138e-05, -0.000850797, -3.01552e-05, 0.999997, -0.00238544, 0.000850708, 0.00238552, 0.999997; 
2.75, 1, 3.14872e-06, -0.00077495, -4.76832e-06, 0.999998, -0.00209217, 0.00077495, 0.00209218, 0.999997; 
2.76, 1, -5.92607e-06, -0.00060913, 4.98452e-06, 0.999999, -0.00160486, 0.00060907, 0.00160485, 0.999998; 
2.77, 1, 1.95042e-08, -0.000587106, -9.07317e-07, 0.999999, -0.00156513, 0.000587076, 0.00156521, 0.999999; 
2.78, 1, -6.17936e-06, -0.000480741, 5.62248e-06, 0.999999, -0.00125215, 0.000480741, 0.00125208, 0.999999; 
2.79, 1, -1.16183e-05, -0.000562608, 1.08339e-05, 0.999999, -0.001459, 0.000562549, 0.00145888, 0.999999; 
2.8, 1, -2.55837e-06, -0.000496477, 1.89201e-06, 0.999999, -0.00130839, 0.000496507, 0.00130841, 0.999999; 
2.81, 1, -4.76374e-06, -0.000639886, 3.66487e-06, 0.999999, -0.00169579, 0.000639916, 0.00169572, 0.999998; 
2.82, 1, 2.61234e-06, -0.000635564, -3.71461e-06, 0.999999, -0.00170876, 0.000635505, 0.00170868, 0.999998; 
2.83, 1, 1.59787e-05, -0.000714213, -1.74178e-05, 0.999998, -0.0019708, 0.000714213, 0.00197073, 0.999998; 
2.84, 1, 1.428e-05, -0.000781804, -1.60133e-05, 0.999998, -0.00215097, 0.000781804, 0.00215092, 0.999997; 
2.85, 1, 9.5861e-06, -0.000898689, -1.17965e-05, 0.999997, -0.00245646, 0.00089863, 0.00245636, 0.999996; 
2.86, 1, -2.12621e-06, -0.000952899, -3.56993e-07, 0.999997, -0.00256669, 0.0009529, 0.00256666, 0.999996; 
2.87, 0.999999, -1.74595e-05, -0.00105712, 1.45179e-05, 0.999996, -0.002802, 0.00105715, 0.00280195, 0.999996; 
2.88, 1, -1.73701e-05, -0.00103962, 1.4543e-05, 0.999996, -0.00275396, 0.00103974, 0.00275394, 0.999996; 
2.89, 0.999999, 1.3222e-05, -0.00116941, -1.69667e-05, 0.999995, -0.00321351, 0.00116935, 0.00321361, 0.999994; 
2.9, 1, 2.20137e-05, -0.00110269, -2.53798e-05, 0.999995, -0.00305736, 0.00110263, 0.00305733, 0.999995; 
2.91, 0.999999, 3.49157e-06, -0.00100064, -6.19155e-06, 0.999996, -0.00271429, 0.00100064, 0.00271427, 0.999996; 
2.92, 0.999999, 3.5395e-05, -0.00103855, -3.83994e-05, 0.999996, -0.00292412, 0.00103849, 0.00292414, 0.999995; 
2.93, 1, 9.07953e-06, -0.000985324, -1.16864e-05, 0.999996, -0.00268983, 0.000985354, 0.00268983, 0.999996; 
2.94, 1, 8.55799e-06, -0.00104392, -1.15231e-05, 0.999996, -0.00285041, 0.00104386, 0.00285044, 0.999995; 
2.95, 1, -7.16272e-06, -0.00101531, 4.39764e-06, 0.999996, -0.00271969, 0.0010154, 0.00271961, 0.999996; 
2.96, 1, -1.20503e-05, -0.000997961, 9.37585e-06, 0.999996, -0.002656, 0.00099802, 0.00265592, 0.999996; 
2.97, 1, 2.22504e-06, -0.000911862, -4.49492e-06, 0.999997, -0.00246633, 0.000911862, 0.00246623, 0.999997; 
2.98, 1, -1.98883e-05, -0.00089395, 1.77746e-05, 0.999997, -0.00234346, 0.00089398, 0.00234338, 0.999997; 
2.99, 1, -4.03178e-05, -0.000739127, 3.89795e-05, 0.999998, -0.00185052, 0.000739247, 0.00185045, 0.999998; 
3, 1, -4.47434e-05, -0.000640094, 4.37551e-05, 0.999999, -0.00156424, 0.000640154, 0.0015642, 0.999999; 
3.01, 1, -5.23579e-05, -0.000618607, 5.14226e-05, 0.999999, -0.00148139, 0.000618637, 0.00148138, 0.999999; 
3.02, 1, -7.87329e-05, -0.000565052, 7.79798e-05, 0.999999, -0.00124906, 0.000565171, 0.00124898, 0.999999; 
3.03, 1, -7.56782e-05, -0.000607818, 7.47926e-05, 0.999999, -0.00137718, 0.000607997, 0.0013771, 0.999999; 
3.04, 1, -6.47854e-05, -0.000607818, 6.39223e-05, 0.999999, -0.00141209, 0.000607878, 0.001412, 0.999999; 
3.05, 1, -7.99548e-05, -0.000565678, 7.92211e-05, 0.999999, -0.00124821, 0.000565857, 0.00124824, 0.999999; 
3.06, 1, -6.18946e-05, -0.000580937, 6.10627e-05, 0.999999, -0.00134886, 0.000581026, 0.00134885, 0.999999; 
3.07, 1, -8.02677e-05, -0.00049606, 7.96893e-05, 0.999999, -0.00105653, 0.000496149, 0.00105643, 0.999999; 
3.08, 1, -0.00010782, -0.000525355, 0.000107227, 0.999999, -0.00104824, 0.000525415, 0.00104811, 0.999999; 
3.09, 1, -6.7408e-05, -0.000522614, 6.68242e-05, 0.999999, -0.00117129, 0.000522703, 0.00117123, 0.999999; 
3.1, 1, -0.00011761, -0.000439823, 0.000117243, 1, -0.000783253, 0.000439942, 0.000783202, 1; 
3.11, 1, -3.11683e-05, -0.000466794, 3.06371e-05, 0.999999, -0.00113474, 0.000466824, 0.00113463, 0.999999; 
3.12, 1, 9.73499e-07, -0.000476182, -1.56471e-06, 0.999999, -0.00126333, 0.000476211, 0.00126338, 0.999999; 
3.13, 1, -0.00015683, -0.000478894, 0.000156462, 1, -0.000766547, 0.000479013, 0.000766602, 1; 
3.14, 1, -0.000271211, -0.000528306, 0.000270883, 1, -0.000537512, 0.000528425, 0.000537273, 1; 
3.15, 1, -6.88682e-05, -0.000404358, 6.85267e-05, 1, -0.000842745, 0.000404418, 0.000842717, 1; 
3.16, 1, -5.01821e-05, -0.00036779, 4.98833e-05, 1, -0.000801142, 0.00036788, 0.000801143, 1; 
3.17, 1, 0.00012206, -0.000322223, -0.000122455, 0.999999, -0.00122351, 0.000322074, 0.00122341, 0.999999; 
3.18, 1, 0.000152489, -0.000337094, -0.000152933, 0.999999, -0.00136081, 0.000336915, 0.0013608, 0.999999; 
3.19, 1, 0.000100498, -0.000526816, -0.000101411, 0.999999, -0.00171833, 0.000526607, 0.00171834, 0.999998; 
3.2, 1, 7.98901e-05, -0.000602722, -8.09737e-05, 0.999998, -0.00186247, 0.000602573, 0.00186255, 0.999998; 
3.21, 1, 4.21306e-05, -0.000780106, -4.38631e-05, 0.999998, -0.00223125, 0.000780076, 0.0022313, 0.999997; 
3.22, 1, 4.52032e-07, -0.000865638, -2.46044e-06, 0.999997, -0.00233558, 0.000865668, 0.00233558, 0.999997; 
3.23, 1, 9.37035e-05, -0.000741661, -9.53277e-05, 0.999997, -0.00228757, 0.000741422, 0.00228762, 0.999997; 
3.24, 1, 0.000122805, -0.000672311, -0.000124278, 0.999998, -0.00218683, 0.000672013, 0.00218686, 0.999997; 
3.25, 1, 2.69761e-05, -0.000737399, -2.84768e-05, 0.999998, -0.00206483, 0.00073731, 0.00206485, 0.999998; 
3.26, 1, -4.45792e-05, -0.000852317, 4.27786e-05, 0.999998, -0.00215744, 0.000852436, 0.00215736, 0.999997; 
3.27, 1, -7.62434e-06, -0.000809163, 5.82035e-06, 0.999998, -0.0021547, 0.000809193, 0.00215468, 0.999997; 
3.28, 1, 2.87047e-05, -0.000742316, -3.03098e-05, 0.999998, -0.00208378, 0.000742316, 0.00208387, 0.999998; 
3.29, 1, -1.84575e-05, -0.000897884, 1.63672e-05, 0.999997, -0.00236421, 0.000897974, 0.00236413, 0.999997; 
3.3, 1, -1.27801e-05, -0.000886053, 1.07116e-05, 0.999997, -0.00234982, 0.000886083, 0.00234973, 0.999997; 
3.31, 1, 1.87359e-05, -0.000733644, -2.02211e-05, 0.999998, -0.00202799, 0.000733614, 0.00202802, 0.999998; 
3.32, 1, -3.34182e-05, -0.000989616, 3.08363e-05, 0.999997, -0.0025707, 0.000989706, 0.00257069, 0.999996; 
3.33, 1, -3.10489e-05, -0.000958562, 2.86423e-05, 0.999997, -0.00249278, 0.000958652, 0.00249284, 0.999996; 
3.34, 1, -1.4701e-06, -0.00096038, -9.79233e-07, 0.999997, -0.0025888, 0.00096038, 0.00258893, 0.999996; 
3.35, 1, -6.8345e-06, -0.000909835, 4.60853e-06, 0.999997, -0.00243362, 0.000909925, 0.00243363, 0.999997; 
3.36, 1, -2.95886e-05, -0.000936031, 2.73242e-05, 0.999997, -0.00243471, 0.000936121, 0.0024347, 0.999996; 
3.37, 1, -3.09428e-06, -0.0007523, 1.56683e-06, 0.999998, -0.00201046, 0.00075233, 0.00201058, 0.999998; 
3.38, 1, 2.07029e-05, -0.000686705, -2.20109e-05, 0.999998, -0.00190362, 0.000686705, 0.00190371, 0.999998; 
3.39, 1, 3.36669e-05, -0.000577182, -3.46032e-05, 0.999999, -0.00164177, 0.000577152, 0.00164178, 0.999999; 
3.4, 1, -1.14219e-06, -0.000627548, 9.94716e-08, 0.999999, -0.00167365, 0.000627577, 0.00167352, 0.999998; 
3.41, 1, 8.06674e-06, -0.000487745, -8.6962e-06, 0.999999, -0.00131804, 0.000487775, 0.00131812, 0.999999; 
3.42, 1, 9.8698e-06, -0.000467867, -1.04682e-05, 0.999999, -0.00126928, 0.000467897, 0.00126943, 0.999999; 
3.43, 1, 6.68096e-06, -0.000408649, -7.09095e-06, 0.999999, -0.00109731, 0.000408679, 0.00109735, 0.999999; 
3.44, 1, 1.1807e-05, -0.000389069, -1.22188e-05, 0.999999, -0.00106014, 0.000389129, 0.00106019, 0.999999; 
3.45, 1, 1.97344e-05, -0.000480682, -2.03266e-05, 0.999999, -0.00133603, 0.000480712, 0.00133616, 0.999999; 
3.46, 1, 2.74085e-05, -0.000548661, -2.827e-05, 0.999999, -0.00154709, 0.000548691, 0.00154713, 0.999999; 
3.47, 1, 3.49336e-05, -0.000569731, -3.58728e-05, 0.999999, -0.00162741, 0.000569672, 0.00162753, 0.999999; 
3.48, 1, 3.66323e-05, -0.000634164, -3.78064e-05, 0.999998, -0.00181062, 0.000634104, 0.0018107, 0.999998; 
3.49, 1, 5.06394e-05, -0.000436217, -5.12259e-05, 0.999999, -0.00130831, 0.000436157, 0.00130838, 0.999999; 
3.5, 1, 3.29965e-05, -0.000435323, -3.35069e-05, 0.999999, -0.00125215, 0.000435263, 0.00125217, 0.999999; 
3.51, 1, -5.3591e-06, -0.000573337, 4.50489e-06, 0.999999, -0.0015164, 0.000573367, 0.00151646, 0.999999; 
3.52, 1, 1.32078e-05, -0.000459611, -1.37903e-05, 0.999999, -0.00125991, 0.000459641, 0.0012601, 0.999999; 
3.53, 1, 2.95245e-05, -0.000398785, -2.99192e-05, 0.999999, -0.00114063, 0.000398755, 0.00114068, 0.999999; 
3.54, 1, 3.76308e-05, -0.00029996, -3.78663e-05, 1, -0.000893079, 0.000299931, 0.000893144, 1; 
3.55, 1, 3.28177e-05, -0.000306904, -3.31216e-05, 1, -0.000898461, 0.000306845, 0.000898568, 1; 
3.56, 1, 5.22787e-05, -0.000175565, -5.23334e-05, 1, -0.000595547, 0.000175536, 0.000595628, 1; 
3.57, 1, 2.45178e-05, -0.000225782, -2.46544e-05, 1, -0.000650567, 0.000225782, 0.000650732, 1; 
3.58, 1, 1.39678e-05, -0.000377148, -1.43166e-05, 1, -0.0010358, 0.000377178, 0.00103584, 0.999999; 
3.59, 1, 2.47115e-05, -0.000304312, -2.49657e-05, 1, -0.000867814, 0.000304252, 0.000867842, 1; 
3.6, 1, 3.53212e-05, -0.000217468, -3.54488e-05, 1, -0.000660401, 0.000217408, 0.000660478, 1; 
3.61, 1, 3.24304e-05, -0.000178277, -3.25382e-05, 1, -0.00054474, 0.000178307, 0.000544785, 1; 
3.62, 1, -1.88699e-06, -0.000122666, 1.91329e-06, 1, -0.0002901, 0.000122726, 0.000290243, 1; 
3.63, 1, -6.37223e-06, -9.54866e-05, 6.3514e-06, 1, -0.000202827, 9.55463e-05, 0.000202923, 1; 
3.64, 1, -2.31956e-05, -0.000213206, 2.3144e-05, 1, -0.000476552, 0.000213265, 0.000476627, 1; 
3.65, 1, -3.10187e-05, -3.54052e-05, 3.10612e-05, 1, 3.53813e-05, 3.54648e-05, -3.52872e-05, 1; 
3.66, 1, -6.71391e-05, -0.000189543, 6.71341e-05, 1, -0.000282287, 0.000189602, 0.000282346, 1; 
3.67, 1, -5.79302e-05, -0.000182033, 5.79127e-05, 1, -0.000288613, 0.000182092, 0.000288634, 1; 
3.68, 1, -8.76729e-05, -0.000294238, 8.75247e-05, 1, -0.000509948, 0.000294298, 0.000509976, 1; 
3.69, 1, -6.61556e-05, -0.000366032, 6.58958e-05, 1, -0.000769873, 0.000366151, 0.000769852, 1; 
3.7, 1, -0.000130275, -0.000321865, 0.000130171, 1, -0.000460619, 0.000321895, 0.000460564, 1; 
3.71, 1, -9.84315e-05, -0.000283539, 9.83211e-05, 1, -0.000448139, 0.000283599, 0.000448196, 1; 
3.72, 1, -9.57344e-05, -0.000476569, 9.53017e-05, 1, -0.000986588, 0.000476688, 0.000986575, 0.999999; 
