0, 0.939779, 0.341781, 0.00046786, -0.341781, 0.93978, -0.000125515, -0.000482584, -4.19492e-05, 1; 
0.01, 0.939779, 0.341781, 0.00102861, -0.341781, 0.939779, 0.000395106, -0.000831628, -0.000722872, 0.999999; 
0.02, 0.948194, 0.317691, 0.000813716, -0.317692, 0.948192, 0.00177916, -0.00020634, -0.0019455, 0.999998; 
0.03, 0.955764, 0.294122, 0.00260252, -0.294134, 0.955733, 0.00777893, -0.000199363, -0.00820031, 0.999966; 
0.04, 0.962169, 0.272422, 0.0041489, -0.272453, 0.962071, 0.0137458, -0.000246913, -0.0143562, 0.999897; 
0.05, 0.967648, 0.252256, 0.00484509, -0.252303, 0.967487, 0.0176942, -0.0002241, -0.0183442, 0.999832; 
0.06, 0.972354, 0.233446, 0.00546591, -0.233509, 0.972117, 0.021479, -0.000299351, -0.0221615, 0.999754; 
0.07, 0.976409, 0.215861, 0.00542513, -0.21593, 0.976133, 0.0232355, -0.000280025, -0.0238588, 0.999715; 
0.08, 0.979906, 0.199403, 0.00469436, -0.199458, 0.979633, 0.0231589, 1.9131e-05, -0.0236299, 0.999721; 
0.09, 0.982925, 0.183959, 0.00422838, -0.184008, 0.982642, 0.0235841, 0.000183521, -0.0239594, 0.999713; 
0.1, 0.985527, 0.16949, 0.00321516, -0.169519, 0.985274, 0.0223371, 0.000618158, -0.0225588, 0.999745; 
0.11, 0.987765, 0.155937, 0.00218528, -0.155949, 0.987546, 0.0208041, 0.00108611, -0.0208904, 0.999781; 
0.12, 0.989684, 0.143265, 0.00123506, -0.143262, 0.989496, 0.0193127, 0.00154477, -0.0192904, 0.999813; 
0.13, 0.991324, 0.131439, 0.000274116, -0.131424, 0.991172, 0.0174793, 0.00202578, -0.0173637, 0.999847; 
0.14, 0.992723, 0.120418, -0.000495677, -0.120396, 0.9926, 0.015829, 0.00239807, -0.0156542, 0.999875; 
0.15, 0.993911, 0.110183, -0.0012517, -0.110155, 0.993815, 0.0140774, 0.00279504, -0.0138538, 0.9999; 
0.16, 0.994918, 0.100677, -0.00184472, -0.100647, 0.994846, 0.0123072, 0.00307429, -0.012059, 0.999923; 
0.17, 0.995766, 0.09189, -0.00247795, -0.0918597, 0.995718, 0.0103786, 0.00342101, -0.010107, 0.999943; 
0.18, 0.996482, 0.08377, -0.00267756, -0.0837416, 0.996443, 0.00939485, 0.00345501, -0.0091376, 0.999952; 
0.19, 0.997079, 0.0763073, -0.00317465, -0.0762813, 0.997057, 0.00761461, 0.00374636, -0.00735022, 0.999966; 
0.2, 0.997581, 0.0694396, -0.0033691, -0.0694169, 0.997567, 0.00643822, 0.00380799, -0.00618879, 0.999974; 
0.21, 0.997997, 0.0631591, -0.00365834, -0.0631402, 0.997992, 0.00508379, 0.00397207, -0.00484265, 0.99998; 
0.22, 0.998343, 0.0574129, -0.00382245, -0.0573978, 0.998344, 0.00393341, 0.00404195, -0.00370751, 0.999985; 
0.23, 0.99863, 0.0521653, -0.00408803, -0.052156, 0.998636, 0.00232662, 0.00420381, -0.00211022, 0.999989; 
0.24, 0.998869, 0.0473879, -0.00388419, -0.0473808, 0.998875, 0.00189812, 0.00396977, -0.00171197, 0.999991; 
0.25, 0.999065, 0.0430551, -0.00386294, -0.0430521, 0.999072, 0.000847566, 0.00389585, -0.000680497, 0.999992; 
0.26, 0.999226, 0.0391572, -0.00378175, -0.039157, 0.999233, 0.000130072, 0.00378394, 1.81156e-05, 0.999993; 
0.27, 0.999358, 0.035665, -0.00343941, -0.0356643, 0.999364, 0.000273051, 0.00344695, -0.000150192, 0.999994; 
0.28, 0.999464, 0.032538, -0.00362074, -0.0325421, 0.99947, -0.00106893, 0.00358403, 0.00118615, 0.999993; 
0.29, 0.999552, 0.0297547, -0.00339317, -0.029759, 0.999556, -0.00122292, 0.00335527, 0.00132337, 0.999994; 
0.3, 0.999622, 0.0272938, -0.00322953, -0.0272988, 0.999626, -0.00153598, 0.00318637, 0.00162357, 0.999994; 
0.31, 0.999679, 0.0251282, -0.00315009, -0.0251348, 0.999682, -0.00209652, 0.0030964, 0.00217505, 0.999993; 
0.32, 0.999725, 0.0232505, -0.00314716, -0.0232589, 0.999726, -0.00266117, 0.00308441, 0.00273364, 0.999991; 
0.33, 0.999762, 0.0216288, -0.00279078, -0.021635, 0.999764, -0.00219599, 0.00274261, 0.00225588, 0.999994; 
0.34, 0.999792, 0.0202294, -0.00264964, -0.0202359, 0.999792, -0.00244047, 0.00259973, 0.00249361, 0.999994; 
0.35, 0.999815, 0.0190563, -0.00246662, -0.0190619, 0.999816, -0.00226911, 0.00242293, 0.00231574, 0.999994; 
0.36, 0.999834, 0.0180519, -0.00242183, -0.0180584, 0.999833, -0.00270143, 0.00237265, 0.00274473, 0.999993; 
0.37, 0.999849, 0.0172231, -0.0022668, -0.0172292, 0.999848, -0.00267907, 0.00222029, 0.00271773, 0.999994; 
0.38, 0.99986, 0.0165674, -0.00225118, -0.0165731, 0.999859, -0.00254222, 0.00220878, 0.00257916, 0.999994; 
0.39, 0.99987, 0.0160038, -0.00206535, -0.0160091, 0.999869, -0.00254228, 0.00202435, 0.00257499, 0.999995; 
0.4, 0.999877, 0.0155541, -0.00198287, -0.0155595, 0.999875, -0.00274355, 0.00193998, 0.00277406, 0.999994; 
0.41, 0.999884, 0.0151785, -0.00162101, -0.0151827, 0.999881, -0.00255201, 0.00158212, 0.00257629, 0.999995; 
0.42, 0.999888, 0.0148839, -0.00137556, -0.0148873, 0.999886, -0.00250374, 0.00133815, 0.00252397, 0.999996; 
0.43, 0.999892, 0.0146548, -0.00139806, -0.0146584, 0.999889, -0.00259715, 0.00135979, 0.00261734, 0.999996; 
0.44, 0.999895, 0.0144486, -0.00125346, -0.0144517, 0.999892, -0.00253726, 0.00121674, 0.0025551, 0.999996; 
0.45, 0.999897, 0.0142662, -0.00130603, -0.0142699, 0.999894, -0.00290091, 0.00126457, 0.00291924, 0.999995; 
0.46, 0.9999, 0.0140896, -0.00116968, -0.0140925, 0.999897, -0.00251707, 0.00113416, 0.0025333, 0.999996; 
0.47, 0.999903, 0.0139092, -0.000800789, -0.0139109, 0.999901, -0.00216175, 0.000770569, 0.00217268, 0.999997; 
0.48, 0.999906, 0.0137138, -0.000771285, -0.0137156, 0.999903, -0.00237046, 0.00073874, 0.00238081, 0.999997; 
0.49, 0.999909, 0.0134896, -0.000577063, -0.0134908, 0.999906, -0.00227522, 0.000546366, 0.00228281, 0.999997; 
0.5, 0.999912, 0.0132345, -0.000533552, -0.0132358, 0.999909, -0.00268758, 0.000497937, 0.00269444, 0.999996; 
0.51, 0.999916, 0.0129641, -0.000189573, -0.0129646, 0.999912, -0.00282643, 0.000152827, 0.00282867, 0.999996; 
0.52, 0.99992, 0.012625, 0.000178754, -0.0126246, 0.999918, -0.00220132, -0.00020653, 0.00219888, 0.999998; 
0.53, 0.999924, 0.012299, 0.000704079, -0.0122974, 0.999922, -0.00227427, -0.000731975, 0.00226544, 0.999997; 
0.54, 0.999928, 0.0119562, 0.0013575, -0.0119533, 0.999926, -0.00217568, -0.00138342, 0.00215933, 0.999997; 
0.55, 0.999933, 0.0114771, 0.00161886, -0.011474, 0.999932, -0.00189463, -0.00164047, 0.00187595, 0.999997; 
0.56, 0.999938, 0.0109488, 0.00180107, -0.0109453, 0.999938, -0.00195406, -0.00182223, 0.00193429, 0.999996; 
0.57, 0.999943, 0.0104334, 0.00227252, -0.0104295, 0.999944, -0.00174064, -0.00229049, 0.00171687, 0.999996; 
0.58, 0.999947, 0.00990981, 0.00278583, -0.00990555, 0.99995, -0.00154237, -0.00280094, 0.00151473, 0.999995; 
0.59, 0.999951, 0.00934857, 0.00332507, -0.00934491, 0.999956, -0.00112185, -0.00333536, 0.00109077, 0.999994; 
0.6, 0.999956, 0.00871036, 0.00343412, -0.0087055, 0.999961, -0.00143247, -0.00344646, 0.00140253, 0.999993; 
0.61, 0.99996, 0.00809263, 0.00392282, -0.00808887, 0.999967, -0.000979432, -0.00393069, 0.000947663, 0.999992; 
0.62, 0.999964, 0.00741017, 0.00405037, -0.00740588, 0.999972, -0.00107879, -0.00405821, 0.00104875, 0.999991; 
0.63, 0.999969, 0.00674519, 0.0041362, -0.0067393, 0.999976, -0.00142555, -0.00414571, 0.00139763, 0.99999; 
0.64, 0.999972, 0.00604919, 0.00442433, -0.00604502, 0.999981, -0.000963606, -0.00443003, 0.000936815, 0.99999; 
0.65, 0.999975, 0.00533403, 0.00466734, -0.00533203, 0.999986, -0.000449694, -0.00466967, 0.000424826, 0.999989; 
0.66, 0.999978, 0.00469373, 0.00473595, -0.00469039, 0.999989, -0.000724027, -0.00473914, 0.000701734, 0.999988; 
0.67, 0.99998, 0.00403219, 0.00480303, -0.00402873, 0.999992, -0.000737376, -0.00480595, 0.000718006, 0.999988; 
0.68, 0.999982, 0.00339664, 0.00495526, -0.00339418, 0.999994, -0.000513553, -0.00495693, 0.000496709, 0.999987; 
0.69, 0.999983, 0.00283691, 0.00509804, -0.00283431, 0.999996, -0.000516368, -0.00509939, 0.00050194, 0.999987; 
0.7, 0.999985, 0.00224682, 0.00504434, -0.00224315, 0.999997, -0.000744275, -0.00504601, 0.000732908, 0.999987; 
0.71, 0.999987, 0.00161197, 0.00491494, -0.00160788, 0.999998, -0.000835358, -0.00491619, 0.000827381, 0.999988; 
0.72, 0.999987, 0.00105428, 0.00491261, -0.00105059, 0.999999, -0.000759897, -0.00491336, 0.000754663, 0.999988; 
0.73, 0.999988, 0.000565703, 0.00495073, -0.000562282, 1, -0.000687507, -0.00495106, 0.000684717, 0.999987; 
0.74, 0.999988, 6.17754e-05, 0.00497255, -5.95877e-05, 1, -0.000433857, -0.00497252, 0.000433513, 0.999987; 
0.75, 0.999989, -0.00042749, 0.0047529, 0.000431134, 1, -0.000752312, -0.00475255, 0.000754334, 0.999988; 
0.76, 0.999989, -0.0008504, 0.00460887, 0.000854937, 0.999999, -0.000968317, -0.00460804, 0.000972249, 0.999989; 
0.77, 0.999989, -0.0012748, 0.00449836, 0.00127914, 0.999999, -0.000944266, -0.00449717, 0.000950046, 0.999989; 
0.78, 0.999989, -0.00169351, 0.00435448, 0.00169748, 0.999998, -0.000910337, -0.00435293, 0.00091759, 0.99999; 
0.79, 0.999989, -0.00206335, 0.0042538, 0.00206684, 0.999998, -0.000809452, -0.00425208, 0.00081811, 0.999991; 
0.8, 0.999989, -0.00239406, 0.00408474, 0.00239779, 0.999997, -0.000911139, -0.00408244, 0.000921017, 0.999991; 
0.81, 0.999989, -0.00271644, 0.00391063, 0.00272013, 0.999996, -0.00094223, -0.00390804, 0.000952786, 0.999992; 
0.82, 0.999989, -0.00300578, 0.00369412, 0.00300979, 0.999995, -0.0010992, -0.00369078, 0.00111014, 0.999992; 
0.83, 0.999988, -0.00328193, 0.0035595, 0.00328548, 0.999994, -0.000978829, -0.00355625, 0.000990365, 0.999993; 
0.84, 0.999988, -0.00352181, 0.00345552, 0.00352462, 0.999993, -0.000800637, -0.00345266, 0.000812683, 0.999994; 
0.85, 0.999988, -0.0037313, 0.00316253, 0.003735, 0.999992, -0.00115194, -0.00315818, 0.00116369, 0.999994; 
0.86, 0.999988, -0.00395519, 0.00304684, 0.00395791, 0.999992, -0.000883421, -0.00304338, 0.000895413, 0.999995; 
0.87, 0.999988, -0.00416287, 0.00271183, 0.0041661, 0.999991, -0.00119214, -0.00270689, 0.00120339, 0.999996; 
0.88, 0.999987, -0.00430644, 0.00280073, 0.00430774, 0.999991, -0.000452757, -0.00279871, 0.000464828, 0.999996; 
0.89, 0.999987, -0.00444869, 0.0023354, 0.00445143, 0.99999, -0.0011637, -0.00233018, 0.00117409, 0.999997; 
0.9, 0.999987, -0.00451296, 0.00241151, 0.00451431, 0.99999, -0.000537601, -0.00240907, 0.000548481, 0.999997; 
0.91, 0.999988, -0.00450664, 0.00216538, 0.00450867, 0.999989, -0.000932032, -0.00216112, 0.000941901, 0.999997; 
0.92, 0.999988, -0.00455434, 0.00185296, 0.0045567, 0.999989, -0.00126361, -0.00184712, 0.00127208, 0.999997; 
0.93, 0.999988, -0.00454212, 0.00166887, 0.0045444, 0.999989, -0.00133958, -0.00166279, 0.0013473, 0.999998; 
0.94, 0.99999, -0.00443673, 0.00114355, 0.00443968, 0.999987, -0.00255442, -0.00113216, 0.00255951, 0.999996; 
0.95, 0.99999, -0.00430807, 0.000877842, 0.00431072, 0.999986, -0.00303958, -0.000864699, 0.00304344, 0.999995; 
0.96, 0.999991, -0.0041534, 0.000532568, 0.00415542, 0.999984, -0.00374394, -0.000517025, 0.00374612, 0.999993; 
0.97, 0.999992, -0.00394712, 0.000479013, 0.00394888, 0.999985, -0.00371856, -0.000464305, 0.00372051, 0.999993; 
0.98, 0.999993, -0.0037113, 0.000204697, 0.00371219, 0.999984, -0.00430289, -0.000188693, 0.0043038, 0.999991; 
0.99, 0.999994, -0.003454, 0.000181645, 0.00345473, 0.999985, -0.00416, -0.00016725, 0.0041606, 0.999991; 
1, 0.999995, -0.00318623, -5.46722e-05, 0.00318594, 0.999985, -0.00453861, 6.91343e-05, 0.00453838, 0.99999; 
1.01, 0.999996, -0.00286761, 0.00015378, 0.0028682, 0.999989, -0.00374351, -0.000143021, 0.00374396, 0.999993; 
1.02, 0.999997, -0.00251003, 0.000127539, 0.00251046, 0.99999, -0.00361908, -0.000118427, 0.00361933, 0.999993; 
1.03, 0.999998, -0.00208863, 0.000360008, 0.00208964, 0.999994, -0.00288001, -0.000353977, 0.00288068, 0.999996; 
1.04, 0.999999, -0.00163441, 0.000364671, 0.00163542, 0.999995, -0.0027788, -0.000360106, 0.00277944, 0.999996; 
1.05, 0.999999, -0.00116515, 0.000331596, 0.00116606, 0.999995, -0.00274114, -0.000328371, 0.00274153, 0.999996; 
1.06, 1, -0.000635867, 0.000633139, 0.000637077, 0.999998, -0.00190746, -0.000631884, 0.00190787, 0.999998; 
1.07, 1, -0.00011596, 0.000610527, 0.000117112, 0.999998, -0.00188269, -0.000610314, 0.0018828, 0.999998; 
1.08, 1, 0.000434145, 0.000578858, -0.000433043, 0.999998, -0.00193653, -0.00057967, 0.00193621, 0.999998; 
1.09, 0.999999, 0.000980783, 0.000782147, -0.000979748, 0.999999, -0.00130404, -0.000783406, 0.00130332, 0.999999; 
1.1, 0.999999, 0.00149002, 0.00070405, -0.0014891, 0.999998, -0.00130376, -0.000705942, 0.0013027, 0.999999; 
1.11, 0.999998, 0.00197496, 0.000829264, -0.00197442, 0.999998, -0.000651945, -0.000830531, 0.000650264, 0.999999; 
1.12, 0.999997, 0.0024608, 0.000912294, -0.00246064, 0.999997, -0.000140258, -0.000912622, 0.000137961, 1; 
1.13, 0.999995, 0.00296911, 0.000967026, -0.0029693, 0.999996, 0.000160483, -0.000966504, -0.000163281, 1; 
1.14, 0.999993, 0.0035056, 0.0010609, -0.00350595, 0.999994, 0.000379888, -0.00105953, -0.000383551, 0.999999; 
1.15, 0.999992, 0.0039872, 0.00106689, -0.00398771, 0.999992, 0.000480474, -0.00106493, -0.000484671, 0.999999; 
1.16, 0.99999, 0.00439874, 0.000799671, -0.00439871, 0.99999, 1.97881e-05, -0.000799596, -2.33619e-05, 1; 
1.17, 0.999988, 0.00476647, 0.000967026, -0.00476726, 0.999988, 0.000809638, -0.000963152, -0.000814257, 0.999999; 
1.18, 0.999987, 0.00508209, 0.000946164, -0.00508319, 0.999986, 0.00114695, -0.000940234, -0.00115177, 0.999999; 
1.19, 0.999986, 0.00533072, 0.000657677, -0.00533134, 0.999985, 0.000886974, -0.000652909, -0.000890433, 0.999999; 
1.2, 0.999984, 0.0055663, 0.000585675, -0.00556696, 0.999984, 0.00106756, -0.000579715, -0.00107083, 0.999999; 
1.21, 0.999983, 0.00573198, 0.000717729, -0.00573325, 0.999982, 0.00190223, -0.000706822, -0.00190628, 0.999998; 
1.22, 0.999983, 0.00582025, 0.000530302, -0.00582129, 0.999981, 0.00200629, -0.00051865, -0.00200933, 0.999998; 
1.23, 0.999983, 0.00586938, 0.000371903, -0.00587016, 0.99998, 0.00211124, -0.000359506, -0.00211337, 0.999998; 
1.24, 0.999983, 0.00586176, 0.000123888, -0.00586195, 0.999981, 0.00195716, -0.000112415, -0.00195784, 0.999998; 
1.25, 0.999983, 0.00577808, -0.000115097, -0.00577785, 0.999981, 0.00193175, 0.000126242, -0.00193104, 0.999998; 
1.26, 0.999984, 0.00563093, -0.000336766, -0.00563025, 0.999982, 0.00197096, 0.000347942, -0.00196898, 0.999998; 
1.27, 0.999985, 0.00541846, -0.000639141, -0.00541727, 0.999984, 0.00181035, 0.000648945, -0.0018068, 0.999998; 
1.28, 0.999987, 0.00513463, -0.000921458, -0.00513297, 0.999985, 0.00178237, 0.000930607, -0.00177756, 0.999998; 
1.29, 0.999988, 0.00480797, -0.00127435, -0.00480614, 0.999987, 0.00139054, 0.00128108, -0.00138444, 0.999998; 
1.3, 0.999989, 0.00441491, -0.00142378, -0.00441262, 0.999989, 0.00158909, 0.00143078, -0.0015828, 0.999998; 
1.31, 0.999991, 0.00395469, -0.00174725, -0.00395218, 0.999991, 0.00142484, 0.00175291, -0.00141794, 0.999997; 
1.32, 0.999992, 0.00344914, -0.00211108, -0.00344686, 0.999994, 0.00106184, 0.00211474, -0.00105456, 0.999997; 
1.33, 0.999993, 0.00289401, -0.00234926, -0.00289162, 0.999995, 0.0010239, 0.00235227, -0.00101713, 0.999997; 
1.34, 0.999994, 0.00229558, -0.00274518, -0.00229413, 0.999997, 0.000531131, 0.00274646, -0.000524822, 0.999996; 
1.35, 0.999994, 0.00165526, -0.00300238, -0.00165382, 0.999998, 0.000487256, 0.00300324, -0.000482294, 0.999995; 
1.36, 0.999994, 0.000992327, -0.00325534, -0.000991471, 1, 0.000254382, 0.00325558, -0.000251162, 0.999995; 
1.37, 0.999994, 0.0003039, -0.00338259, -0.000302853, 1, 0.000319279, 0.00338277, -0.000318262, 0.999994; 
1.38, 0.999993, -0.000401915, -0.00368971, 0.000401558, 1, -9.76762e-05, 0.00368968, 9.61542e-05, 0.999993; 
1.39, 0.999991, -0.00111487, -0.0039891, 0.00111251, 0.999999, -0.000605441, 0.0039897, 0.000601006, 0.999992; 
1.4, 0.99999, -0.00182969, -0.00416881, 0.00182636, 0.999998, -0.000801835, 0.00417024, 0.0007942, 0.999991; 
1.41, 0.999987, -0.00253681, -0.00438264, 0.00253184, 0.999996, -0.00114651, 0.0043855, 0.00113539, 0.99999; 
1.42, 0.999985, -0.00322993, -0.00453606, 0.00322345, 0.999994, -0.00143556, 0.00454062, 0.00142092, 0.999989; 
1.43, 0.999982, -0.00390368, -0.00460944, 0.00389626, 0.999991, -0.00162634, 0.00461566, 0.00160835, 0.999988; 
1.44, 0.999979, -0.00454743, -0.00471652, 0.00453885, 0.999988, -0.00182505, 0.00472471, 0.00180361, 0.999987; 
1.45, 0.999976, -0.00515689, -0.00475246, 0.00514783, 0.999985, -0.00191219, 0.00476229, 0.00188768, 0.999987; 
1.46, 0.999972, -0.00572951, -0.00481015, 0.00571915, 0.999981, -0.00217537, 0.00482252, 0.0021478, 0.999986; 
1.47, 0.999968, -0.00626168, -0.0049434, 0.00624807, 0.999977, -0.00275768, 0.00496054, 0.00272669, 0.999984; 
1.48, 0.999965, -0.00674486, -0.00491667, 0.00673052, 0.999973, -0.00292206, 0.00493625, 0.00288885, 0.999984; 
1.49, 0.999963, -0.0071754, -0.004801, 0.00716146, 0.99997, -0.00290794, 0.00482172, 0.00287344, 0.999984; 
1.5, 0.999961, -0.00753998, -0.00461866, 0.00752816, 0.999968, -0.00257079, 0.0046379, 0.00253591, 0.999986; 
1.51, 0.999958, -0.00785451, -0.00472532, 0.00783941, 0.999964, -0.00319874, 0.0047503, 0.00316155, 0.999984; 
1.52, 0.999956, -0.0081151, -0.00467594, 0.00809883, 0.999961, -0.00349091, 0.00470406, 0.0034529, 0.999983; 
1.53, 0.999954, -0.00831551, -0.00469612, 0.0082966, 0.999957, -0.00403339, 0.00472947, 0.00399423, 0.999981; 
1.54, 0.999954, -0.00844687, -0.00458918, 0.00842759, 0.999956, -0.00420166, 0.0046245, 0.00416279, 0.999981; 
1.55, 0.999953, -0.00850832, -0.004609, 0.00848664, 0.999953, -0.00469582, 0.00464872, 0.00465647, 0.999978; 
1.56, 0.999954, -0.00851349, -0.00445393, 0.00849177, 0.999952, -0.004875, 0.00449523, 0.00483695, 0.999978; 
1.57, 0.999956, -0.00845696, -0.00411644, 0.00843784, 0.999954, -0.00463975, 0.00415549, 0.00460479, 0.999981; 
1.58, 0.999958, -0.0083273, -0.00399972, 0.00830763, 0.999953, -0.00491783, 0.00404048, 0.0048844, 0.99998; 
1.59, 0.99996, -0.0081073, -0.00390939, 0.00808799, 0.999955, -0.00492508, 0.00394914, 0.00489327, 0.99998; 
1.6, 0.999962, -0.00785593, -0.00382845, 0.0078353, 0.999955, -0.00537658, 0.00387052, 0.00534638, 0.999978; 
1.61, 0.999965, -0.00751355, -0.00364704, 0.00749457, 0.999958, -0.00518877, 0.00368587, 0.00516127, 0.99998; 
1.62, 0.999969, -0.00710405, -0.00339041, 0.00708801, 0.999964, -0.00472756, 0.00342387, 0.00470339, 0.999983; 
1.63, 0.999973, -0.00665835, -0.00305287, 0.00664507, 0.999969, -0.00432507, 0.00308156, 0.00430463, 0.999986; 
1.64, 0.999977, -0.00613178, -0.00277545, 0.00612151, 0.999974, -0.00369177, 0.002798, 0.00367467, 0.999989; 
1.65, 0.999982, -0.00556517, -0.00250206, 0.00555726, 0.99998, -0.0031509, 0.00251953, 0.00313695, 0.999992; 
1.66, 0.999985, -0.00496661, -0.00254273, 0.00495741, 0.999981, -0.00360892, 0.00256059, 0.00359628, 0.99999; 
1.67, 0.999988, -0.00433338, -0.00242338, 0.00432446, 0.999984, -0.00368488, 0.00243929, 0.00367436, 0.99999; 
1.68, 0.999991, -0.0036339, -0.00226337, 0.00362672, 0.999988, -0.00318971, 0.00227493, 0.00318145, 0.999992; 
1.69, 0.999993, -0.00290928, -0.00233044, 0.00290142, 0.99999, -0.0033627, 0.00234021, 0.0033559, 0.999992; 
1.7, 0.999995, -0.00216104, -0.00237064, 0.00215303, 0.999992, -0.00338387, 0.00237793, 0.00337874, 0.999991; 
1.71, 0.999996, -0.00140482, -0.00240569, 0.00139651, 0.999993, -0.00345958, 0.00241056, 0.00345617, 0.999991; 
1.72, 0.999997, -0.000653367, -0.00239614, 0.00064462, 0.999993, -0.00362598, 0.00239851, 0.00362437, 0.999991; 
1.73, 0.999997, 9.37586e-05, -0.00249024, -0.000104064, 0.999992, -0.004132, 0.00248982, 0.00413225, 0.999988; 
1.74, 0.999997, 0.000831702, -0.00234658, -0.000840995, 0.999992, -0.00394885, 0.00234333, 0.00395076, 0.99999; 
1.75, 0.999997, 0.00154306, -0.00212234, -0.00155117, 0.999992, -0.00379623, 0.00211653, 0.00379951, 0.999991; 
1.76, 0.999996, 0.00223359, -0.00202316, -0.00224112, 0.999991, -0.00372509, 0.00201485, 0.00372959, 0.999991; 
1.77, 0.999994, 0.00288316, -0.0020304, -0.00289112, 0.999988, -0.00392216, 0.00201908, 0.00392799, 0.99999; 
1.78, 0.999992, 0.00348708, -0.00195938, -0.00349456, 0.999987, -0.00380382, 0.00194606, 0.00381066, 0.999991; 
1.79, 0.99999, 0.00403681, -0.00192478, -0.00404454, 0.999984, -0.00401139, 0.00190857, 0.00401914, 0.99999; 
1.8, 0.999988, 0.00453084, -0.00175959, -0.00453744, 0.999983, -0.00375958, 0.00174245, 0.00376752, 0.999991; 
1.81, 0.999986, 0.00496421, -0.00161847, -0.00497043, 0.99998, -0.00386257, 0.00159928, 0.00387056, 0.999991; 
1.82, 0.999985, 0.00533758, -0.00124878, -0.0053419, 0.99998, -0.00351781, 0.00122988, 0.00352444, 0.999993; 
1.83, 0.999984, 0.00564465, -0.000926793, -0.00564774, 0.999979, -0.00332134, 0.000907958, 0.00332655, 0.999994; 
1.84, 0.999983, 0.00588141, -0.000605911, -0.0058833, 0.999978, -0.00312865, 0.000587434, 0.00313216, 0.999995; 
1.85, 0.999982, 0.00604732, -0.000230968, -0.00604797, 0.999978, -0.00279916, 0.00021407, 0.00280055, 0.999996; 
1.86, 0.999981, 0.00613591, 7.56678e-05, -0.00613569, 0.999978, -0.00252049, -9.11055e-05, 0.00252001, 0.999997; 
1.87, 0.999981, 0.00616902, 0.000510841, -0.00616791, 0.999979, -0.00214036, -0.000523984, 0.00213716, 0.999998; 
1.88, 0.999981, 0.00612952, 0.000793516, -0.0061279, 0.999979, -0.00203158, -0.000806004, 0.0020267, 0.999998; 
1.89, 0.999981, 0.00602456, 0.00104243, -0.00602253, 0.99998, -0.00198521, -0.00105432, 0.00197892, 0.999997; 
1.9, 0.999982, 0.00586322, 0.00135958, -0.00586088, 0.999981, -0.00176197, -0.00136986, 0.00175398, 0.999997; 
1.91, 0.999983, 0.00564804, 0.00153679, -0.00564513, 0.999982, -0.00189003, -0.00154752, 0.00188134, 0.999997; 
1.92, 0.999984, 0.00539487, 0.00189283, -0.00539186, 0.999984, -0.00159978, -0.00190151, 0.00158958, 0.999997; 
1.93, 0.999985, 0.00507739, 0.00201988, -0.005074, 0.999986, -0.00170379, -0.00202844, 0.00169353, 0.999997; 
1.94, 0.999986, 0.00473939, 0.00224465, -0.00473559, 0.999987, -0.00166323, -0.00225246, 0.00165258, 0.999996; 
1.95, 0.999987, 0.004382, 0.00253487, -0.00437824, 0.999989, -0.00148053, -0.00254127, 0.00146941, 0.999996; 
1.96, 0.999988, 0.00399345, 0.00272974, -0.00398955, 0.999991, -0.00146771, -0.00273558, 0.00145677, 0.999995; 
1.97, 0.99999, 0.00359369, 0.00286093, -0.00358904, 0.999992, -0.00164567, -0.00286669, 0.00163541, 0.999995; 
1.98, 0.99999, 0.00317879, 0.00313142, -0.00317452, 0.999994, -0.00137848, -0.00313568, 0.00136853, 0.999994; 
1.99, 0.999991, 0.00278679, 0.00336555, -0.00278223, 0.999995, -0.00135765, -0.00336918, 0.00134829, 0.999993; 
2, 0.999991, 0.00232097, 0.00349227, -0.00231695, 0.999997, -0.00115803, -0.00349483, 0.00114996, 0.999993; 
2.01, 0.999992, 0.00187466, 0.0036132, -0.00187081, 0.999998, -0.0010573, -0.00361511, 0.00105052, 0.999993; 
2.02, 0.999992, 0.00142879, 0.00383034, -0.00142638, 0.999999, -0.000616678, -0.00383124, 0.000611178, 0.999992; 
2.03, 0.999992, 0.000968153, 0.00387123, -0.000966256, 0.999999, -0.000495092, -0.00387171, 0.000491358, 0.999992; 
2.04, 0.999992, 0.000535706, 0.00398451, -0.000534827, 1, -0.00022028, -0.0039846, 0.00021813, 0.999992; 
2.05, 0.999992, 0.0001115, 0.00397334, -0.000110632, 1, -0.000212978, -0.00397331, 0.000212587, 0.999992; 
2.06, 0.999992, -0.000258198, 0.00400993, 0.000259058, 1, -0.000211216, -0.00400987, 0.000212199, 0.999992; 
2.07, 0.999992, -0.000644094, 0.00406724, 0.00064389, 1, 4.40454e-05, -0.0040673, -4.14785e-05, 0.999992; 
2.08, 0.999992, -0.00099968, 0.00393811, 0.0010006, 1, -0.000232304, -0.00393784, 0.00023616, 0.999992; 
2.09, 0.999992, -0.00137312, 0.00382486, 0.00137423, 0.999999, -0.000270676, -0.00382441, 0.000275886, 0.999993; 
2.1, 0.999992, -0.00174036, 0.00364485, 0.00174187, 0.999999, -0.000412766, -0.00364414, 0.000419115, 0.999993; 
2.11, 0.999991, -0.00206747, 0.00360143, 0.00206835, 0.999998, -0.00023364, -0.00360096, 0.000241106, 0.999993; 
2.12, 0.999991, -0.00236189, 0.00366059, 0.0023612, 0.999997, 0.000205945, -0.0036611, -0.000197316, 0.999993; 
2.13, 0.99999, -0.00262336, 0.00362283, 0.00262207, 0.999996, 0.000361689, -0.00362372, -0.000352229, 0.999993; 
2.14, 0.999989, -0.00290083, 0.00359434, 0.0028983, 0.999995, 0.000710277, -0.00359637, -0.000699934, 0.999993; 
2.15, 0.99999, -0.00311067, 0.00337634, 0.00310943, 0.999995, 0.000386642, -0.00337753, -0.000376162, 0.999994; 
2.16, 0.999989, -0.0033328, 0.00330782, 0.00333079, 0.999994, 0.000620748, -0.00330988, -0.000609782, 0.999994; 
2.17, 0.999989, -0.0034999, 0.00312981, 0.00349858, 0.999994, 0.000441094, -0.00313139, -0.000430224, 0.999995; 
2.18, 0.999989, -0.00365036, 0.0029892, 0.00364919, 0.999993, 0.000396341, -0.0029906, -0.000385491, 0.999995; 
2.19, 0.999989, -0.00381305, 0.0026682, 0.00381311, 0.999993, -1.64165e-05, -0.00266811, 2.65847e-05, 0.999996; 
2.2, 0.99999, -0.00391453, 0.00234452, 0.0039159, 0.999992, -0.000568236, -0.00234225, 0.000577301, 0.999997; 
2.21, 0.99999, -0.00398153, 0.00230098, 0.0039825, 0.999992, -0.000387664, -0.00229946, 0.000396698, 0.999997; 
2.22, 0.99999, -0.00404004, 0.00208148, 0.00404142, 0.999992, -0.000643863, -0.00207883, 0.000652312, 0.999997; 
2.23, 0.99999, -0.00408491, 0.00205949, 0.0040856, 0.999992, -0.00031891, -0.00205815, 0.000327347, 0.999998; 
2.24, 0.99999, -0.00406372, 0.00187713, 0.00406477, 0.999992, -0.000573921, -0.00187477, 0.00058156, 0.999998; 
2.25, 0.99999, -0.00405634, 0.0017449, 0.00405734, 0.999992, -0.000552114, -0.00174263, 0.000559267, 0.999998; 
2.26, 0.99999, -0.00402154, 0.00177082, 0.00402174, 0.999992, -9.96439e-05, -0.00177038, 0.000106718, 0.999998; 
2.27, 0.999991, -0.0039502, 0.00176442, 0.00394981, 0.999992, 0.000229288, -0.00176528, -0.000222301, 0.999998; 
2.28, 0.999992, -0.00381824, 0.00148849, 0.00381866, 0.999993, -0.00029061, -0.00148734, 0.000296259, 0.999999; 
2.29, 0.999992, -0.00369505, 0.00130925, 0.00369558, 0.999993, -0.000416297, -0.00130768, 0.0004211, 0.999999; 
2.3, 0.999993, -0.00351931, 0.00126725, 0.00351962, 0.999994, -0.000255951, -0.00126629, 0.000260435, 0.999999; 
2.31, 0.999994, -0.00329306, 0.000993297, 0.00329386, 0.999994, -0.000821283, -0.000990555, 0.000824532, 0.999999; 
2.32, 0.999995, -0.00301971, 0.00102811, 0.00302037, 0.999995, -0.000611012, -0.00102626, 0.000614067, 0.999999; 
2.33, 0.999996, -0.00274006, 0.0011065, 0.00274034, 0.999996, -0.000218971, -0.0011059, 0.000221987, 0.999999; 
2.34, 0.999997, -0.00244224, 0.00100929, 0.00244256, 0.999997, -0.000286968, -0.00100861, 0.000289369, 0.999999; 
2.35, 0.999997, -0.00211261, 0.000910029, 0.00211297, 0.999998, -0.000381245, -0.000909224, 0.000383245, 0.999999; 
2.36, 0.999998, -0.00172537, 0.00083781, 0.00172583, 0.999998, -0.000528423, -0.000836872, 0.000529842, 1; 
2.37, 0.999999, -0.00133225, 0.00079325, 0.00133268, 0.999999, -0.000552871, -0.0007925, 0.000553831, 0.999999; 
2.38, 0.999999, -0.000915755, 0.00101103, 0.000915639, 1, 0.000117275, -0.0010111, -0.000116334, 0.999999; 
2.39, 0.999999, -0.000478351, 0.000977779, 0.000478294, 1, 7.0547e-05, -0.000977809, -7.02013e-05, 1; 
2.4, 1, -2.37419e-05, 0.000900552, 2.37969e-05, 1, -0.00011312, -0.000900526, 0.000113171, 0.999999; 
2.41, 1, 0.000438511, 0.000810198, -0.000438235, 1, -0.000329238, -0.000810333, 0.00032885, 1; 
2.42, 0.999999, 0.000897597, 0.00104629, -0.000897949, 1, 0.000374665, -0.00104597, -0.000375678, 0.999999; 
2.43, 0.999999, 0.00135567, 0.000933334, -0.00135578, 0.999999, 0.000117049, -0.00093317, -0.000118336, 1; 
2.44, 0.999998, 0.00180357, 0.00078848, -0.00180343, 0.999998, -0.000196453, -0.000788823, 0.000195065, 1; 
2.45, 0.999997, 0.00223763, 0.000644326, -0.0022373, 0.999997, -0.000482065, -0.000645414, 0.000480689, 1; 
2.46, 0.999996, 0.00265748, 0.000706494, -0.00265731, 0.999996, -0.000201804, -0.000707, 0.000199891, 1; 
2.47, 0.999995, 0.00305455, 0.000652507, -0.00305444, 0.999995, -0.000220754, -0.000653177, 0.000218785, 1; 
2.48, 0.999994, 0.00342185, 0.000586316, -0.00342166, 0.999994, -0.000228951, -0.000587061, 0.00022692, 1; 
2.49, 0.999993, 0.00376111, 0.000503823, -0.00376104, 0.999993, -0.000262261, -0.000504792, 0.000260358, 1; 
2.5, 0.999992, 0.00407549, 0.000483975, -0.00407539, 0.999992, -0.000144081, -0.000484601, 0.000142101, 1; 
2.51, 0.999991, 0.00433205, 0.000496805, -0.00433218, 0.999991, 0.000196958, -0.00049594, -0.000198987, 1; 
2.52, 0.99999, 0.00454905, 0.000318229, -0.00454907, 0.99999, 4.37007e-05, -0.00031805, -4.52373e-05, 1; 
2.53, 0.999989, 0.00472415, 0.000154435, -0.00472414, 0.999989, -4.61268e-05, -0.000154614, 4.53016e-05, 1; 
2.54, 0.999988, 0.00485691, 0.000102103, -0.00485695, 0.999988, 0.000173118, -0.000101239, -0.000173657, 1; 
2.55, 0.999988, 0.00492929, -0.000176281, -0.0049293, 0.999988, -0.000127898, 0.000175685, 0.000128837, 1; 
2.56, 0.999988, 0.00496635, -0.000119657, -0.00496626, 0.999988, 0.000417308, 0.000121802, -0.000416636, 1; 
2.57, 0.999988, 0.00494709, -0.000317216, -0.00494704, 0.999988, 0.000313805, 0.000318766, -0.000312179, 1; 
2.58, 0.999988, 0.00487659, -0.000499606, -0.00487643, 0.999988, 0.000271983, 0.000500947, -0.000269473, 1; 
2.59, 0.999989, 0.0047516, -0.000477642, -0.00475118, 0.999988, 0.000824975, 0.000481516, -0.000822634, 1; 
2.6, 0.999989, 0.00457723, -0.000822097, -0.00457692, 0.99999, 0.000366139, 0.000823796, -0.000362337, 1; 
2.61, 0.99999, 0.00434883, -0.00103396, -0.00434848, 0.999991, 0.000313075, 0.00103527, -0.000308515, 0.999999; 
2.62, 0.999991, 0.00407538, -0.00103363, -0.00407451, 0.999991, 0.00079739, 0.00103685, -0.00079316, 0.999999; 
2.63, 0.999992, 0.00375031, -0.00122255, -0.00374931, 0.999993, 0.000804278, 0.00122565, -0.000799687, 0.999999; 
2.64, 0.999993, 0.00338863, -0.00141057, -0.00338761, 0.999994, 0.000716184, 0.00141302, -0.000711353, 0.999999; 
2.65, 0.999994, 0.00298147, -0.00155658, -0.00298026, 0.999995, 0.000778924, 0.00155887, -0.000774266, 0.999999; 
2.66, 0.999995, 0.00253612, -0.001692, -0.00253466, 0.999996, 0.000869876, 0.00169423, -0.00086555, 0.999998; 
2.67, 0.999996, 0.00205935, -0.00192216, -0.00205801, 0.999998, 0.000658371, 0.00192353, -0.000654401, 0.999998; 
2.68, 0.999997, 0.00155414, -0.00202405, -0.00155254, 0.999999, 0.00076279, 0.00202531, -0.000759633, 0.999998; 
2.69, 0.999997, 0.00102383, -0.00227267, -0.00102274, 1, 0.000486571, 0.00227314, -0.000484259, 0.999997; 
2.7, 0.999997, 0.000476433, -0.00248739, -0.000475765, 1, 0.000263405, 0.00248754, -0.000262232, 0.999997; 
2.71, 0.999996, -7.96748e-05, -0.00280377, 7.84821e-05, 1, -0.000429566, 0.0028038, 0.000429346, 0.999996; 
2.72, 0.999996, -0.000645364, -0.00291398, 0.000643904, 1, -0.000514983, 0.00291425, 0.00051312, 0.999996; 
2.73, 0.999995, -0.00121062, -0.0030899, 0.00120809, 0.999999, -0.000827372, 0.00309086, 0.000823616, 0.999995; 
2.74, 0.999993, -0.00177053, -0.00333107, 0.00176607, 0.999998, -0.00133317, 0.00333345, 0.00132726, 0.999994; 
2.75, 0.999992, -0.00231987, -0.00328735, 0.00231606, 0.999997, -0.00118475, 0.00329009, 0.00117713, 0.999994; 
2.76, 0.99999, -0.0028525, -0.00351635, 0.0028465, 0.999994, -0.00171652, 0.00352123, 0.0017065, 0.999992; 
2.77, 0.999988, -0.00336426, -0.00352266, 0.00335827, 0.999993, -0.00171083, 0.00352839, 0.00169898, 0.999992; 
2.78, 0.999986, -0.00384934, -0.00370845, 0.00384123, 0.99999, -0.00218498, 0.00371683, 0.00217071, 0.999991; 
2.79, 0.999984, -0.0043063, -0.00361374, 0.0042991, 0.999989, -0.00200097, 0.00362232, 0.0019854, 0.999991; 
2.8, 0.999982, -0.00473327, -0.00383162, 0.00472252, 0.999985, -0.00280488, 0.00384486, 0.00278672, 0.999989; 
2.81, 0.99998, -0.00511912, -0.00382674, 0.00510803, 0.999983, -0.00289689, 0.00384153, 0.00287727, 0.999988; 
2.82, 0.999978, -0.00546593, -0.00376804, 0.00545485, 0.999981, -0.00294263, 0.00378409, 0.00292201, 0.999989; 
2.83, 0.999976, -0.00576874, -0.00375895, 0.00575697, 0.999978, -0.00313971, 0.00377701, 0.00311801, 0.999988; 
2.84, 0.999975, -0.00603016, -0.00377294, 0.006017, 0.999976, -0.00348429, 0.0037939, 0.00346151, 0.999987; 
2.85, 0.999974, -0.00624449, -0.0035938, 0.00623252, 0.999975, -0.00331883, 0.00361444, 0.00329634, 0.999988; 
2.86, 0.999974, -0.00640902, -0.00345367, 0.00639775, 0.999974, -0.00326701, 0.00347453, 0.00324484, 0.999989; 
2.87, 0.999973, -0.00652927, -0.00339372, 0.00651727, 0.999973, -0.00352936, 0.00341669, 0.00350716, 0.999988; 
2.88, 0.999973, -0.00659471, -0.00331257, 0.00658262, 0.999972, -0.00365779, 0.00333662, 0.00363589, 0.999988; 
2.89, 0.999973, -0.00660656, -0.00323969, 0.00659428, 0.999971, -0.0037896, 0.00326462, 0.00376811, 0.999988; 
2.9, 0.999974, -0.00656465, -0.00315671, 0.0065524, 0.999971, -0.0038788, 0.00318208, 0.00385801, 0.999987; 
2.91, 0.999974, -0.00646352, -0.00312534, 0.00645106, 0.999971, -0.00400602, 0.00315116, 0.00398574, 0.999987; 
2.92, 0.999976, -0.00631773, -0.002889, 0.00630709, 0.999973, -0.00368277, 0.0029122, 0.00366446, 0.999989; 
2.93, 0.999978, -0.00612407, -0.00272191, 0.00611427, 0.999975, -0.0035903, 0.00274383, 0.00357358, 0.99999; 
2.94, 0.999979, -0.00586409, -0.00284085, 0.00585272, 0.999975, -0.00399384, 0.00286419, 0.00397712, 0.999988; 
2.95, 0.999981, -0.00557086, -0.00272016, 0.00556015, 0.999977, -0.00393798, 0.00274203, 0.00392279, 0.999988; 
2.96, 0.999983, -0.00522835, -0.00281292, 0.0052159, 0.999977, -0.00441824, 0.00283595, 0.00440352, 0.999986; 
2.97, 0.999984, -0.00484091, -0.00282032, 0.00482773, 0.999978, -0.00464353, 0.00284272, 0.00462985, 0.999985; 
2.98, 0.999987, -0.00440779, -0.00268522, 0.00439589, 0.999981, -0.00441164, 0.00270461, 0.00439979, 0.999987; 
2.99, 0.999989, -0.00393448, -0.00245592, 0.0039249, 0.999985, -0.00387512, 0.00247113, 0.00386542, 0.99999; 
3, 0.999991, -0.00343246, -0.00236262, 0.00342364, 0.999987, -0.00373707, 0.0023754, 0.0037289, 0.99999; 
3.01, 0.999994, -0.00290536, -0.00211529, 0.00289869, 0.999991, -0.00315901, 0.00212444, 0.00315287, 0.999993; 
3.02, 0.999995, -0.00236621, -0.00204273, 0.00235967, 0.999992, -0.00319944, 0.00205027, 0.00319458, 0.999993; 
3.03, 0.999997, -0.00180687, -0.00192143, 0.00180102, 0.999994, -0.00300894, 0.00192685, 0.00300547, 0.999994; 
3.04, 0.999998, -0.00124042, -0.00179875, 0.00123522, 0.999995, -0.00288895, 0.00180231, 0.00288672, 0.999994; 
3.05, 0.999998, -0.000665721, -0.00167818, 0.000661143, 0.999996, -0.00272115, 0.00168, 0.00272005, 0.999995; 
3.06, 0.999999, -8.82333e-05, -0.00153138, 8.45275e-05, 0.999997, -0.00238891, 0.00153162, 0.0023888, 0.999996; 
3.07, 0.999999, 0.000483696, -0.00162488, -0.000488025, 0.999997, -0.00264544, 0.00162362, 0.00264622, 0.999995; 
3.08, 0.999998, 0.00103497, -0.00150248, -0.00103881, 0.999996, -0.00254152, 0.00149986, 0.00254304, 0.999996; 
3.09, 0.999998, 0.00157421, -0.0014765, -0.00157791, 0.999996, -0.00251058, 0.00147253, 0.00251288, 0.999996; 
3.1, 0.999997, 0.00208112, -0.00134796, -0.00208464, 0.999994, -0.00261566, 0.00134248, 0.00261846, 0.999996; 
3.11, 0.999996, 0.00256601, -0.00117785, -0.00256862, 0.999994, -0.0022164, 0.0011721, 0.00221942, 0.999997; 
3.12, 0.999995, 0.0030125, -0.00130305, -0.00301585, 0.999992, -0.00257725, 0.00129527, 0.00258115, 0.999996; 
3.13, 0.999993, 0.00341695, -0.00121617, -0.00342001, 0.999991, -0.00252738, 0.00120747, 0.00253153, 0.999996; 
3.14, 0.999992, 0.00377704, -0.00116187, -0.00377978, 0.99999, -0.00237059, 0.00115287, 0.00237498, 0.999996; 
3.15, 0.999991, 0.00409256, -0.00104213, -0.00409501, 0.999989, -0.00238816, 0.00103229, 0.0023924, 0.999997; 
3.16, 0.99999, 0.00435941, -0.000915587, -0.0043616, 0.999988, -0.0023523, 0.000905365, 0.00235628, 0.999997; 
3.17, 0.999989, 0.00456964, -0.000867725, -0.0045717, 0.999987, -0.00240775, 0.000856668, 0.00241168, 0.999997; 
3.18, 0.999989, 0.00473544, -0.000609011, -0.00473676, 0.999986, -0.00219929, 0.00059858, 0.00220217, 0.999997; 
3.19, 0.999988, 0.00484942, -0.000437409, -0.0048504, 0.999986, -0.00221268, 0.00042662, 0.0022148, 0.999997; 
3.2, 0.999988, 0.00491091, -0.000153065, -0.00491119, 0.999986, -0.00193967, 0.000143469, 0.00194039, 0.999998; 
3.21, 0.999988, 0.0049267, 0.000101417, -0.00492651, 0.999986, -0.00186519, -0.000110596, 0.0018647, 0.999998; 
3.22, 0.999988, 0.00490071, 0.000425011, -0.00490004, 0.999987, -0.00171005, -0.000433385, 0.00170794, 0.999998; 
3.23, 0.999988, 0.0048058, 0.000621199, -0.00480482, 0.999987, -0.00158767, -0.000628859, 0.00158466, 0.999999; 
3.24, 0.999989, 0.00467061, 0.000985086, -0.00466956, 0.999988, -0.00109928, -0.000990182, 0.00109466, 0.999999; 
3.25, 0.999989, 0.0044917, 0.00120661, -0.00449057, 0.999989, -0.00095606, -0.00121093, 0.000950653, 0.999999; 
3.26, 0.99999, 0.00429561, 0.00147334, -0.00429432, 0.99999, -0.000895296, -0.00147721, 0.000888993, 0.999999; 
3.27, 0.99999, 0.00404512, 0.00174189, -0.00404414, 0.999992, -0.000580147, -0.00174421, 0.000573125, 0.999998; 
3.28, 0.999991, 0.00376522, 0.00189903, -0.00376422, 0.999993, -0.000569166, -0.00190115, 0.000562009, 0.999998; 
3.29, 0.999992, 0.0034169, 0.00194296, -0.00341598, 0.999994, -0.000480234, -0.0019446, 0.000473638, 0.999998; 
3.3, 0.999993, 0.00310808, 0.0021264, -0.00310705, 0.999995, -0.000497443, -0.00212792, 0.000490909, 0.999998; 
3.31, 0.999994, 0.00275055, 0.00219935, -0.00274948, 0.999996, -0.000507786, -0.00220075, 0.000501772, 0.999997; 
3.32, 0.999995, 0.0024001, 0.00220516, -0.00239836, 0.999997, -0.000827071, -0.00220716, 0.000821774, 0.999997; 
3.33, 0.999996, 0.00202453, 0.00221312, -0.00202235, 0.999997, -0.000988593, -0.00221509, 0.000984078, 0.999997; 
3.34, 0.999996, 0.0016292, 0.00233936, -0.0016275, 0.999998, -0.000704904, -0.00234047, 0.00070106, 0.999997; 
3.35, 0.999997, 0.00124389, 0.00233483, -0.00124193, 0.999999, -0.000830261, -0.00233585, 0.000827362, 0.999997; 
3.36, 0.999997, 0.000822925, 0.00225022, -0.000820834, 0.999999, -0.000918389, -0.00225091, 0.000916545, 0.999997; 
3.37, 0.999997, 0.000453018, 0.00247538, -0.000452016, 1, -0.000403344, -0.00247556, 0.000402247, 0.999997; 
3.38, 0.999997, 0.000103377, 0.0025396, -0.000102451, 1, -0.000357352, -0.00253969, 0.000357096, 0.999997; 
3.39, 0.999997, -0.000228978, 0.00259271, 0.000229811, 1, -0.000343028, -0.00259259, 0.000343566, 0.999997; 
3.4, 0.999996, -0.000542186, 0.00261301, 0.000543297, 1, -0.000422219, -0.00261274, 0.000423585, 0.999996; 
3.41, 0.999996, -0.000856034, 0.00253013, 0.000857784, 0.999999, -0.000681258, -0.00252962, 0.000683401, 0.999996; 
3.42, 0.999996, -0.00115427, 0.00242335, 0.0011567, 0.999999, -0.00098655, -0.00242215, 0.000989381, 0.999997; 
3.43, 0.999996, -0.00145956, 0.00227281, 0.00146246, 0.999998, -0.00127658, -0.002271, 0.00127992, 0.999997; 
3.44, 0.999996, -0.00173903, 0.0022296, 0.00174196, 0.999998, -0.0012952, -0.00222734, 0.00129912, 0.999997; 
3.45, 0.999996, -0.00199998, 0.00221393, 0.00200268, 0.999997, -0.00121804, -0.00221145, 0.00122249, 0.999997; 
3.46, 0.999995, -0.00226084, 0.00209537, 0.00226362, 0.999997, -0.0013194, -0.00209239, 0.00132418, 0.999997; 
3.47, 0.999995, -0.00250059, 0.00207332, 0.00250304, 0.999996, -0.00114519, -0.00207046, 0.00115037, 0.999997; 
3.48, 0.999994, -0.00270971, 0.00204796, 0.00271174, 0.999996, -0.00100681, -0.00204518, 0.00101227, 0.999997; 
3.49, 0.999994, -0.00291521, 0.00194433, 0.00291713, 0.999995, -0.000992718, -0.00194141, 0.000998319, 0.999998; 
3.5, 0.999994, -0.00308483, 0.00175861, 0.00308702, 0.999995, -0.00125243, -0.00175473, 0.00125781, 0.999998; 
3.51, 0.999994, -0.00325703, 0.00154033, 0.00325933, 0.999994, -0.00149086, -0.00153548, 0.00149578, 0.999998; 
3.52, 0.999993, -0.00339648, 0.00153044, 0.00339825, 0.999994, -0.00119539, -0.00152633, 0.00120053, 0.999998; 
3.53, 0.999993, -0.00352021, 0.00135276, 0.00352207, 0.999993, -0.00133253, -0.00134805, 0.00133726, 0.999998; 
3.54, 0.999993, -0.00360713, 0.00127071, 0.00360871, 0.999993, -0.00125577, -0.00126609, 0.00126031, 0.999998; 
3.55, 0.999993, -0.00366663, 0.00119433, 0.00366799, 0.999993, -0.00117642, -0.00118998, 0.00118077, 0.999999; 
3.56, 0.999992, -0.00369387, 0.00121212, 0.00369495, 0.999993, -0.000867851, -0.00120893, 0.000872341, 0.999999; 
3.57, 0.999993, -0.00370718, 0.00104597, 0.00370828, 0.999993, -0.00102555, -0.00104219, 0.00102934, 0.999999; 
3.58, 0.999993, -0.00367771, 0.00089699, 0.00367879, 0.999993, -0.00120346, -0.00089252, 0.00120681, 0.999999; 
3.59, 0.999993, -0.00362494, 0.000855833, 0.00362588, 0.999993, -0.00108048, -0.000851884, 0.00108361, 0.999999; 
