0, 0.939779, 0.341781, 0.000982073, -0.341781, 0.93978, 1.88021e-05, -0.000916505, -0.000353324, 1; 
0.01, 0.939779, 0.341781, 0.00103062, -0.341781, 0.939779, 0.000199029, -0.000900531, -0.00053929, 0.999999; 
0.02, 0.948539, 0.316283, -0.0154283, -0.316659, 0.947392, -0.0466449, -0.000136375, 0.0491301, 0.998792; 
0.03, 0.957069, 0.289643, -0.011239, -0.289818, 0.955545, -0.0542052, -0.00496076, 0.0551354, 0.998467; 
0.04, 0.963924, 0.266128, -0.00519084, -0.265945, 0.962079, -0.0606452, -0.0111454, 0.0598378, 0.998146; 
0.05, 0.969472, 0.245194, 0.00198555, -0.244722, 0.968051, -0.0546563, -0.0153235, 0.0525019, 0.998503; 
0.06, 0.974061, 0.226124, 0.0085778, -0.225535, 0.973213, -0.0446139, -0.0184363, 0.0415221, 0.998967; 
0.07, 0.977903, 0.208601, 0.0137996, -0.208039, 0.977524, -0.0341467, -0.0206126, 0.0305213, 0.999322; 
0.08, 0.981124, 0.192474, 0.0186981, -0.192062, 0.98114, -0.0218106, -0.0225434, 0.0178077, 0.999587; 
0.09, 0.983873, 0.177539, 0.0217637, -0.177297, 0.984077, -0.0125818, -0.0236509, 0.00852026, 0.999684; 
0.1, 0.986273, 0.163531, 0.022895, -0.163428, 0.986535, -0.0063169, -0.0236197, 0.00248851, 0.999718; 
0.11, 0.98834, 0.150482, 0.0232051, -0.150495, 0.98861, -0.00119149, -0.0231201, -0.0023147, 0.99973; 
0.12, 0.990113, 0.13845, 0.0225501, -0.138515, 0.990359, 0.00133448, -0.022148, -0.00444482, 0.999745; 
0.13, 0.991624, 0.127338, 0.0215884, -0.127433, 0.991842, 0.00307503, -0.0210207, -0.00580038, 0.999762; 
0.14, 0.992915, 0.117074, 0.020344, -0.117177, 0.993103, 0.00398596, -0.019737, -0.00634159, 0.999785; 
0.15, 0.994014, 0.107619, 0.0188397, -0.107711, 0.994174, 0.00394296, -0.0183056, -0.00594862, 0.999815; 
0.16, 0.994941, 0.0989035, 0.017635, -0.0989968, 0.995078, 0.00449478, -0.0171036, -0.00621788, 0.999834; 
0.17, 0.995729, 0.0908977, 0.016188, -0.0909737, 0.995845, 0.00402263, -0.0157551, -0.00547819, 0.999861; 
0.18, 0.996394, 0.0835516, 0.0148089, -0.0836101, 0.996493, 0.00337237, -0.0144752, -0.00459836, 0.999885; 
0.19, 0.996957, 0.07677, 0.0135569, -0.0768166, 0.997041, 0.00295412, -0.01329, -0.00398652, 0.999904; 
0.2, 0.997429, 0.0705587, 0.0125218, -0.0705983, 0.997501, 0.00274908, -0.0122965, -0.00362603, 0.999918; 
0.21, 0.99783, 0.0648165, 0.0115995, -0.0648532, 0.997891, 0.00280897, -0.0113929, -0.00355513, 0.999929; 
0.22, 0.99817, 0.0595114, 0.0106829, -0.0595446, 0.998222, 0.00281892, -0.0104961, -0.0034499, 0.999939; 
0.23, 0.998458, 0.0546336, 0.00980753, -0.054663, 0.998501, 0.00274988, -0.0096426, -0.00328175, 0.999948; 
0.24, 0.998699, 0.0502075, 0.00896457, -0.0502299, 0.998735, 0.00228552, -0.00883849, -0.00273288, 0.999957; 
0.25, 0.998901, 0.0461323, 0.00831417, -0.0461524, 0.998932, 0.00224174, -0.00820187, -0.00262297, 0.999963; 
0.26, 0.999073, 0.0423942, 0.00750556, -0.0424072, 0.999099, 0.00159152, -0.00743135, -0.00190834, 0.99997; 
0.27, 0.999212, 0.0390447, 0.00712246, -0.0390566, 0.999236, 0.0015329, -0.00705715, -0.00180991, 0.999974; 
0.28, 0.999335, 0.0358608, 0.0065946, -0.0358718, 0.999355, 0.00155625, -0.00653458, -0.00179179, 0.999977; 
0.29, 0.99944, 0.0329591, 0.00571319, -0.0329617, 0.999457, 0.000369671, -0.00569793, -0.000557791, 0.999984; 
0.3, 0.999528, 0.0302806, 0.00527113, -0.0302829, 0.999541, 0.000355264, -0.00525796, -0.000514727, 0.999986; 
0.31, 0.999602, 0.0277954, 0.00494987, -0.0277991, 0.999613, 0.000699346, -0.00492851, -0.000836592, 0.999987; 
0.32, 0.999664, 0.0255203, 0.00447232, -0.0255227, 0.999674, 0.000474517, -0.00445876, -0.000588517, 0.99999; 
0.33, 0.999716, 0.0234362, 0.0043979, -0.0234418, 0.999724, 0.00124053, -0.00436759, -0.00134326, 0.99999; 
0.34, 0.99976, 0.0215233, 0.00404315, -0.0215281, 0.999768, 0.00115196, -0.00401741, -0.00123866, 0.999991; 
0.35, 0.999797, 0.01979, 0.00373968, -0.0197939, 0.999804, 0.00101351, -0.00371891, -0.00108738, 0.999992; 
0.36, 0.999829, 0.0181785, 0.0035349, -0.0181828, 0.999834, 0.00118976, -0.00351267, -0.00125385, 0.999993; 
0.37, 0.999856, 0.0166757, 0.00315687, -0.0166788, 0.999861, 0.000947913, -0.00314061, -0.00100042, 0.999995; 
0.38, 0.999878, 0.0153348, 0.00294037, -0.0153374, 0.999882, 0.000882702, -0.00292648, -0.000927668, 0.999995; 
0.39, 0.999897, 0.0140836, 0.00264469, -0.0140853, 0.999901, 0.00065884, -0.00263517, -0.000696014, 0.999996; 
0.4, 0.999914, 0.0129332, 0.00242385, -0.0129347, 0.999916, 0.000598038, -0.00241594, -0.000629376, 0.999997; 
0.41, 0.999926, 0.0119558, 0.00223677, -0.0119562, 0.999928, 0.000182268, -0.00223442, -0.000209014, 0.999997; 
0.42, 0.999937, 0.0110007, 0.00211888, -0.0110012, 0.999939, 0.000242595, -0.0021161, -0.000265877, 0.999998; 
0.43, 0.999948, 0.0100911, 0.00164353, -0.0100902, 0.999949, -0.00054656, -0.00164896, 0.000529934, 0.999999; 
0.44, 0.999956, 0.00928061, 0.00139674, -0.00927935, 0.999957, -0.000875433, -0.00140482, 0.000862379, 0.999999; 
0.45, 0.999963, 0.00851752, 0.00139431, -0.0085169, 0.999964, -0.000468545, -0.00139821, 0.00045671, 0.999999; 
0.46, 0.999969, 0.00778967, 0.00107703, -0.00778878, 0.999969, -0.000823104, -0.00108343, 0.000814725, 0.999999; 
0.47, 0.999974, 0.00715144, 0.00103168, -0.00715076, 0.999974, -0.000624617, -0.00103614, 0.000617196, 0.999999; 
0.48, 0.999978, 0.00654843, 0.000963546, -0.00654804, 0.999978, -0.000430479, -0.000966348, 0.000424166, 0.999999; 
0.49, 0.999982, 0.0059927, 0.000683725, -0.0059921, 0.999982, -0.00083965, -0.000688754, 0.000835527, 0.999999; 
0.5, 0.999985, 0.00549775, 0.000727877, -0.00549743, 0.999985, -0.000465349, -0.000730403, 0.000461449, 1; 
0.51, 0.999987, 0.00501881, 0.000562198, -0.00501851, 0.999987, -0.00056559, -0.00056497, 0.000562926, 1; 
0.52, 0.99999, 0.00457119, 0.000355899, -0.00457087, 0.999989, -0.00076776, -0.000359386, 0.000766177, 1; 
0.53, 0.999991, 0.00426222, 0.000481508, -0.00426195, 0.999991, -0.000596938, -0.000484034, 0.000594844, 1; 
0.54, 0.999992, 0.00388943, 0.0002729, -0.00388919, 0.999992, -0.000885784, -0.000276297, 0.000884731, 1; 
0.55, 0.999994, 0.00357344, 5.85167e-05, -0.00357337, 0.999993, -0.00134499, -6.33e-05, 0.00134485, 0.999999; 
0.56, 0.999995, 0.00331112, 0.000333443, -0.00331089, 0.999994, -0.000608527, -0.000335455, 0.00060745, 1; 
0.57, 0.999996, 0.00303674, 0.000211343, -0.00303658, 0.999995, -0.000795103, -0.000213757, 0.00079449, 1; 
0.58, 0.999996, 0.00278801, 0.00025557, -0.00278785, 0.999996, -0.000553366, -0.000257075, 0.000552644, 1; 
0.59, 0.999997, 0.0025161, 0.0002646, -0.00251606, 0.999997, -0.000204499, -0.000265077, 0.000203778, 1; 
0.6, 0.999997, 0.00230559, 6.6921e-05, -0.00230551, 0.999997, -0.000643189, -6.83963e-05, 0.000642975, 1; 
0.61, 0.999998, 0.00212591, 8.78124e-05, -0.00212587, 0.999998, -0.000555791, -8.89897e-05, 0.000555684, 1; 
0.62, 0.999998, 0.00194301, 0.000121266, -0.00194292, 0.999998, -0.000348974, -0.000121906, 0.000348737, 1; 
0.63, 0.999999, 0.00178364, -7.68305e-05, -0.00178372, 0.999998, -0.000830041, 7.53999e-05, 0.000830223, 1; 
0.64, 0.999999, 0.00163902, -0.000303432, -0.00163946, 0.999998, -0.00140278, 0.000301138, 0.00140323, 0.999999; 
0.65, 0.999999, 0.00149603, -0.000305906, -0.0014964, 0.999998, -0.00131413, 0.000303969, 0.00131463, 0.999999; 
0.66, 0.999999, 0.00138044, -0.000392124, -0.00138106, 0.999998, -0.00153983, 0.000390008, 0.00154035, 0.999999; 
0.67, 0.999999, 0.00126812, -0.000420541, -0.00126881, 0.999998, -0.00157723, 0.000418544, 0.00157784, 0.999999; 
0.68, 0.999999, 0.00119142, -0.000456333, -0.00119226, 0.999998, -0.00176675, 0.000454262, 0.00176727, 0.999998; 
0.69, 0.999999, 0.00109041, -0.000412747, -0.00109099, 0.999998, -0.00158083, 0.000411034, 0.00158133, 0.999999; 
0.7, 1, 0.00100822, -0.000312716, -0.00100861, 0.999999, -0.00129742, 0.000311419, 0.0012977, 0.999999; 
0.71, 1, 0.00094169, -0.000300989, -0.000942075, 0.999999, -0.00129998, 0.000299767, 0.00130033, 0.999999; 
0.72, 1, 0.000901453, -0.000327617, -0.00090192, 0.999998, -0.00150662, 0.000326261, 0.00150688, 0.999999; 
0.73, 1, 0.000854224, -0.000284866, -0.000854599, 0.999999, -0.00146093, 0.000283614, 0.00146108, 0.999999; 
0.74, 1, 0.000753164, -0.000470758, -0.00075398, 0.999998, -0.00176293, 0.000469476, 0.0017633, 0.999998; 
0.75, 1, 0.000737533, -0.000381321, -0.000738123, 0.999998, -0.00169365, 0.000380084, 0.00169389, 0.999998; 
0.76, 1, 0.000677705, -0.00054118, -0.000678853, 0.999998, -0.00207838, 0.00053981, 0.00207867, 0.999998; 
0.77, 1, 0.000620793, -0.000530899, -0.00062182, 0.999998, -0.00198905, 0.000529647, 0.00198938, 0.999998; 
0.78, 1, 0.000575222, -0.000651687, -0.000576767, 0.999997, -0.00229862, 0.000650376, 0.002299, 0.999997; 
0.79, 1, 0.000495191, -0.000656649, -0.000496577, 0.999998, -0.0021089, 0.000655607, 0.00210925, 0.999998; 
0.8, 1, 0.000498581, -0.000489339, -0.00049947, 0.999998, -0.0018267, 0.00048843, 0.00182696, 0.999998; 
0.81, 1, 0.000465404, -0.000513718, -0.000466397, 0.999998, -0.00188488, 0.000512853, 0.00188514, 0.999998; 
0.82, 1, 0.000439759, -0.000396714, -0.000440392, 0.999999, -0.00157705, 0.000396013, 0.00157722, 0.999999; 
0.83, 1, 0.000414896, -0.000381619, -0.000415502, 0.999999, -0.00154367, 0.000380978, 0.00154381, 0.999999; 
0.84, 1, 0.000385206, -0.000317842, -0.000385646, 0.999999, -0.00134248, 0.00031732, 0.00134261, 0.999999; 
0.85, 1, 0.000346128, -0.000415772, -0.000346718, 0.999999, -0.00153403, 0.000415221, 0.00153415, 0.999999; 
0.86, 1, 0.00033031, -0.000243098, -0.000330564, 0.999999, -0.00108117, 0.00024277, 0.00108128, 0.999999; 
0.87, 1, 0.000308897, -0.000321388, -0.000309316, 0.999999, -0.00128397, 0.000321016, 0.00128411, 0.999999; 
0.88, 1, 0.000269543, -0.000375181, -0.000270048, 0.999999, -0.00132909, 0.000374809, 0.00132917, 0.999999; 
0.89, 1, 0.000248406, -0.000409007, -0.000248957, 0.999999, -0.00139801, 0.000408664, 0.00139808, 0.999999; 
0.9, 1, 0.000250686, -0.000425965, -0.000251357, 0.999999, -0.00152243, 0.000425577, 0.00152241, 0.999999; 
0.91, 1, 0.00023007, -0.000376493, -0.000230541, 0.999999, -0.00135221, 0.00037615, 0.00135218, 0.999999; 
0.92, 1, 0.000191401, -0.00038965, -0.000191884, 0.999999, -0.0012657, 0.000389457, 0.00126584, 0.999999; 
0.93, 1, 0.000137362, -0.000405177, -0.000137772, 0.999999, -0.00111005, 0.000405029, 0.00111004, 0.999999; 
0.94, 1, 0.000175338, -0.000316933, -0.000175653, 0.999999, -0.00109077, 0.000316724, 0.00109082, 0.999999; 
0.95, 1, 0.000183929, -0.000181213, -0.000184045, 1, -0.000800742, 0.000181079, 0.000800779, 1; 
0.96, 1, 0.000184458, -3.9503e-05, -0.000184489, 1, -0.000452622, 3.94434e-05, 0.000452629, 1; 
0.97, 1, 0.000260953, 0.000146568, -0.000260898, 1, -0.000329591, -0.000146642, 0.000329515, 1; 
0.98, 1, 0.000194501, -2.50489e-05, -0.000194486, 1, -0.000529415, 2.48999e-05, 0.000529429, 1; 
0.99, 1, 0.000143092, -6.13481e-05, -0.000143136, 1, -0.000425839, 6.13034e-05, 0.000425777, 1; 
1, 1, 0.000179734, -0.00014627, -0.000179856, 1, -0.000855191, 0.000146151, 0.000855258, 1; 
1.01, 1, 0.00018293, 3.26484e-05, -0.000182869, 1, -0.000403656, -3.2708e-05, 0.000403753, 1; 
1.02, 1, 0.000155058, -4.18127e-05, -0.000155085, 1, -0.000504586, 4.16935e-05, 0.000504574, 1; 
1.03, 1, 9.62054e-05, -4.1917e-05, -9.61997e-05, 1, -0.000258582, 4.19021e-05, 0.000258705, 1; 
1.04, 1, 7.40399e-05, -0.000112042, -7.41095e-05, 1, -0.000370369, 0.000112042, 0.000370404, 1; 
1.05, 1, 9.54827e-05, -6.07222e-05, -9.55258e-05, 1, -0.000344579, 6.07223e-05, 0.000344566, 1; 
1.06, 1, 0.000135507, -0.000113279, -0.00013555, 1, -0.000686483, 0.000113159, 0.000686488, 1; 
1.07, 1, 0.000165287, -3.99798e-05, -0.000165297, 1, -0.000634261, 3.98905e-05, 0.000634274, 1; 
1.08, 1, 0.000130448, 3.28123e-05, -0.000130447, 1, -0.000290248, -3.28272e-05, 0.000290325, 1; 
1.09, 1, 8.60056e-05, -0.000202984, -8.61954e-05, 1, -0.000750197, 0.000202924, 0.000750294, 1; 
1.1, 1, 8.01793e-05, -5.25415e-05, -8.01621e-05, 1, -0.000321622, 5.24819e-05, 0.000321618, 1; 
1.11, 1, 6.42648e-05, -5.51939e-05, -6.42299e-05, 1, -0.000268179, 5.5179e-05, 0.000268272, 1; 
1.12, 1, 6.16944e-05, -0.00015901, -6.17444e-05, 1, -0.00055122, 0.00015901, 0.000551275, 1; 
1.13, 1, 3.65189e-05, -0.000116855, -3.65551e-05, 1, -0.000332094, 0.000116885, 0.000332108, 1; 
1.14, 1, 5.33795e-05, -0.000185505, -5.34902e-05, 1, -0.000603351, 0.000185505, 0.000603429, 1; 
1.15, 1, 4.03932e-05, -5.41508e-05, -4.04345e-05, 1, -0.000191657, 5.41806e-05, 0.000191561, 1; 
1.16, 1, 3.23168e-05, -6.04689e-05, -3.22662e-05, 1, -0.000179069, 6.04391e-05, 0.000179014, 1; 
1.17, 1, 2.96793e-05, -2.36332e-05, -2.96816e-05, 1, -7.25268e-05, 2.36183e-05, 7.25601e-05, 1; 
1.18, 1, 1.69537e-05, -6.3777e-06, -1.69253e-05, 1, 2.58617e-05, 6.37769e-06, -2.58174e-05, 1; 
1.19, 1, 2.49258e-05, -7.79331e-06, -2.49396e-05, 1, -1.91349e-05, 7.83801e-06, 1.91842e-05, 1; 
1.2, 1, 3.03424e-05, -5.01871e-05, -3.03528e-05, 1, -0.000163487, 5.02169e-05, 0.000163547, 1; 
1.21, 1, 3.06404e-05, -0.000152811, -3.07022e-05, 1, -0.000451325, 0.000152811, 0.000451348, 1; 
1.22, 1, 3.79494e-05, -0.000240549, -3.80749e-05, 1, -0.000727485, 0.000240505, 0.000727526, 1; 
1.23, 1, 7.07692e-05, -0.000196874, -7.08943e-05, 1, -0.000755267, 0.000196815, 0.000755272, 1; 
1.24, 1, 6.36837e-05, -0.000296444, -6.39598e-05, 0.999999, -0.00100092, 0.000296354, 0.00100084, 0.999999; 
1.25, 1, 8.35917e-05, -5.14239e-05, -8.35952e-05, 1, -0.000417354, 5.1409e-05, 0.000417373, 1; 
1.26, 1, 4.86038e-05, 8.83639e-06, -4.85986e-05, 1, -0.000100877, -8.85128e-06, 0.000100873, 1; 
1.27, 1, 6.00628e-05, 4.6432e-05, -6.0019e-05, 1, -5.04261e-05, -4.64171e-05, 5.03874e-05, 1; 
1.28, 1, 9.60342e-05, 8.60542e-05, -9.6003e-05, 1, -0.000100503, -8.60691e-05, 0.000100485, 1; 
1.29, 1, 8.78907e-05, 7.25835e-05, -8.78488e-05, 1, -0.00010378, -7.26134e-05, 0.000103793, 1; 
1.3, 1, 6.46151e-05, 6.52671e-05, -6.46333e-05, 1, -2.52316e-05, -6.52671e-05, 2.52344e-05, 1; 
1.31, 1, 6.56954e-05, -1.04904e-05, -6.5707e-05, 1, -0.000239531, 1.04755e-05, 0.000239632, 1; 
1.32, 1, 4.73223e-05, 2.19047e-05, -4.73163e-05, 1, -7.30766e-05, -2.18451e-05, 7.30969e-05, 1; 
1.33, 1, 4.39919e-05, -6.53416e-05, -4.39972e-05, 1, -0.000299495, 6.53714e-05, 0.000299535, 1; 
1.34, 1, 3.8173e-05, -0.000204027, -3.82987e-05, 1, -0.000656596, 0.000204027, 0.000656656, 1; 
1.35, 1, 4.06019e-05, -0.000140756, -4.06454e-05, 1, -0.000494388, 0.000140727, 0.000494353, 1; 
1.36, 1, 1.81533e-05, -0.00015907, -1.82073e-05, 1, -0.000449039, 0.000159055, 0.000449053, 1; 
1.37, 1, 2.07237e-05, -0.000265002, -2.09249e-05, 1, -0.000751696, 0.000265002, 0.000751726, 1; 
1.38, 1, 2.64607e-05, -0.000236794, -2.66274e-05, 1, -0.000699004, 0.00023678, 0.000699005, 1; 
1.39, 1, 2.44789e-05, -7.613e-05, -2.45165e-05, 1, -0.000249728, 7.61599e-05, 0.000249795, 1; 
1.4, 1, 2.80998e-05, -0.000187114, -2.8183e-05, 1, -0.000569743, 0.000187114, 0.000569783, 1; 
1.41, 1, 1.58064e-05, -0.000118479, -1.58695e-05, 1, -0.000329622, 0.000118509, 0.000329576, 1; 
1.42, 1, 1.375e-05, -0.000112623, -1.37834e-05, 1, -0.000305697, 0.000112623, 0.000305645, 1; 
1.43, 1, 2.33985e-05, -0.000277326, -2.36542e-05, 1, -0.000799578, 0.000277296, 0.000799559, 1; 
1.44, 1, -1.26101e-05, -0.000391424, 1.22438e-05, 1, -0.000960694, 0.000391409, 0.00096061, 0.999999; 
1.45, 1, -7.90881e-06, -0.000418603, 7.44407e-06, 0.999999, -0.00105635, 0.000418604, 0.00105625, 0.999999; 
1.46, 1, -1.01961e-05, -0.000509292, 9.54673e-06, 0.999999, -0.00129555, 0.000509322, 0.00129568, 0.999999; 
1.47, 1, 1.82129e-05, -0.000362709, -1.85365e-05, 1, -0.00101215, 0.000362694, 0.00101217, 0.999999; 
1.48, 1, -2.94633e-05, -0.000379413, 2.90978e-05, 1, -0.00085733, 0.000379488, 0.000857286, 0.999999; 
1.49, 1, -7.95014e-05, -0.000337422, 7.9321e-05, 1, -0.000531903, 0.000337452, 0.000531904, 1; 
1.5, 1, -9.04463e-05, -0.000404626, 9.01534e-05, 1, -0.000670768, 0.000404686, 0.000670753, 1; 
1.51, 1, -6.17094e-05, -0.000203684, 6.16657e-05, 1, -0.000239829, 0.000203654, 0.000239812, 1; 
1.52, 1, -3.1095e-05, -8.43406e-06, 3.11131e-05, 1, 0.000168251, 8.44894e-06, -0.000168331, 1; 
1.53, 1, 3.82593e-06, 0.000100076, -3.82128e-06, 1, 0.000320724, -0.000100061, -0.000320651, 1; 
1.54, 1, 2.93293e-05, -1.32024e-05, -2.93565e-05, 1, -9.72728e-05, 1.32471e-05, 9.72672e-05, 1; 
1.55, 1, 3.62285e-05, 8.31932e-05, -3.62705e-05, 1, 0.000137572, -8.31634e-05, -0.000137575, 1; 
1.56, 1, 9.35122e-07, 0.000204667, -1.0733e-06, 1, 0.000616444, -0.000204623, -0.00061632, 1; 
1.57, 1, 8.66988e-05, 0.00012821, -8.66727e-05, 1, 5.15071e-05, -0.00012818, -5.15059e-05, 1; 
1.58, 1, 9.99459e-05, 0.000102073, -9.99616e-05, 1, -7.56977e-05, -0.000102073, 7.57501e-05, 1; 
1.59, 1, 0.000104923, -0.000163421, -0.000105025, 1, -0.000825673, 0.000163332, 0.000825696, 0.999999; 
1.6, 1, 0.000116777, -0.000225589, -0.00011701, 0.999999, -0.00104618, 0.00022547, 0.00104626, 0.999999; 
1.61, 1, 0.000125002, -0.000414431, -0.000125623, 0.999999, -0.00159934, 0.000414223, 0.00159936, 0.999999; 
1.62, 1, 7.38092e-05, -0.000471905, -7.45223e-05, 0.999999, -0.00154624, 0.000471786, 0.00154629, 0.999999; 
1.63, 1, 4.48637e-05, -0.000580087, -4.58886e-05, 0.999998, -0.00172481, 0.000579968, 0.00172489, 0.999998; 
1.64, 1, 7.56346e-05, -0.000567913, -7.66734e-05, 0.999998, -0.00181647, 0.000567779, 0.00181644, 0.999998; 
1.65, 1, 9.73531e-05, -0.000509635, -9.82206e-05, 0.999998, -0.00174386, 0.000509501, 0.00174391, 0.999998; 
1.66, 1, 7.08365e-05, -0.000475347, -7.15637e-05, 0.999999, -0.00153999, 0.000475228, 0.00154003, 0.999999; 
1.67, 1, 6.90633e-05, -0.000529855, -6.99516e-05, 0.999999, -0.00168299, 0.000529751, 0.00168305, 0.999998; 
1.68, 1, 6.13072e-05, -0.000587121, -6.23526e-05, 0.999998, -0.00180872, 0.000586987, 0.00180861, 0.999998; 
1.69, 1, 5.35437e-05, -0.000596449, -5.4629e-05, 0.999998, -0.00180242, 0.00059633, 0.00180241, 0.999998; 
1.7, 1, 5.20163e-05, -0.000420362, -5.25536e-05, 0.999999, -0.00131147, 0.000420258, 0.00131147, 0.999999; 
1.71, 1, 5.2672e-05, -0.000406057, -5.31599e-05, 0.999999, -0.00127386, 0.000405997, 0.00127392, 0.999999; 
1.72, 1, 4.74641e-05, -0.000379771, -4.78766e-05, 0.999999, -0.00118087, 0.000379726, 0.00118094, 0.999999; 
1.73, 1, 4.43199e-05, -0.000388041, -4.48032e-05, 0.999999, -0.00119107, 0.000387997, 0.00119104, 0.999999; 
1.74, 1, 3.95963e-05, -0.000359669, -3.99669e-05, 0.999999, -0.0010941, 0.000359655, 0.00109419, 0.999999; 
1.75, 1, 3.40158e-05, -0.000386655, -3.44824e-05, 0.999999, -0.00114636, 0.000386655, 0.00114637, 0.999999; 
1.76, 1, 4.54971e-05, -0.000396281, -4.60182e-05, 0.999999, -0.00121853, 0.000396207, 0.00121846, 0.999999; 
1.77, 1, 4.5363e-05, -0.000317037, -4.56728e-05, 1, -0.000999904, 0.000317007, 0.000999921, 0.999999; 
1.78, 1, 5.75075e-05, -0.000295535, -5.78387e-05, 0.999999, -0.000989439, 0.00029549, 0.00098946, 0.999999; 
1.79, 1, 8.21316e-05, -0.000395358, -8.27376e-05, 0.999999, -0.0013622, 0.000395268, 0.00136223, 0.999999; 
1.8, 1, 0.000102084, -0.000443429, -0.000102781, 0.999999, -0.00157329, 0.00044331, 0.00157335, 0.999999; 
1.81, 1, 9.21378e-05, -0.000451192, -9.28422e-05, 0.999999, -0.00155469, 0.000451073, 0.00155469, 0.999999; 
1.82, 1, 8.63636e-05, -0.000470579, -8.71165e-05, 0.999999, -0.00158545, 0.00047043, 0.00158548, 0.999999; 
1.83, 1, 7.92185e-05, -0.000447616, -7.98304e-05, 0.999999, -0.00149303, 0.000447556, 0.00149303, 0.999999; 
1.84, 1, 7.74974e-05, -0.000398174, -7.80392e-05, 0.999999, -0.00135016, 0.0003981, 0.00135025, 0.999999; 
1.85, 1, 7.45396e-05, -0.00026007, -7.48234e-05, 1, -0.00095835, 0.00026001, 0.000958168, 0.999999; 
1.86, 1, 7.54932e-05, -0.000297278, -7.58403e-05, 0.999999, -0.00106396, 0.000297204, 0.00106394, 0.999999; 
1.87, 1, 6.39672e-05, -0.000182256, -6.4089e-05, 1, -0.00070225, 0.000182241, 0.000702285, 1; 
1.88, 1, 4.85967e-05, -0.000162736, -4.86648e-05, 1, -0.000588728, 0.000162721, 0.000588708, 1; 
1.89, 1, 3.13113e-05, -0.000121027, -3.143e-05, 1, -0.000406435, 0.000121072, 0.000406408, 1; 
1.9, 1, 3.61244e-05, -7.25687e-05, -3.61209e-05, 1, -0.000291922, 7.25538e-05, 0.000291877, 1; 
1.91, 1, 4.70171e-05, -0.000189513, -4.7129e-05, 1, -0.000655494, 0.000189468, 0.000655525, 1; 
1.92, 1, 3.36806e-05, -3.2872e-05, -3.36643e-05, 1, -0.000173208, 3.28273e-05, 0.000173205, 1; 
1.93, 1, 2.09774e-05, -0.000134736, -2.09792e-05, 1, -0.000403462, 0.000134707, 0.000403517, 1; 
1.94, 1, 1.20367e-05, -0.00015673, -1.21605e-05, 1, -0.000429821, 0.000156716, 0.000429803, 1; 
1.95, 1, 1.69392e-05, -0.000117481, -1.69251e-05, 1, -0.000340278, 0.000117451, 0.000340306, 1; 
1.96, 1, 2.35255e-05, -1.36793e-05, -2.34945e-05, 1, -8.04637e-05, 1.36644e-05, 8.04897e-05, 1; 
1.97, 1, 2.37267e-05, -0.000105947, -2.37309e-05, 1, -0.000334252, 0.000105903, 0.000334227, 1; 
1.98, 1, 1.6671e-05, -0.000152901, -1.67482e-05, 1, -0.000436038, 0.000152916, 0.000436002, 1; 
1.99, 1, -1.41744e-05, -0.000282079, 1.39859e-05, 1, -0.000671578, 0.000282094, 0.000671649, 1; 
2, 1, 4.11089e-05, -0.000251055, -4.13061e-05, 1, -0.000799378, 0.00025107, 0.000799441, 1; 
2.01, 1, 3.90972e-05, -0.000208378, -3.91866e-05, 1, -0.000673352, 0.000208363, 0.000673318, 1; 
2.02, 1, 3.0164e-05, -0.000347957, -3.05106e-05, 0.999999, -0.00102189, 0.000347957, 0.00102189, 0.999999; 
2.03, 1, 3.3487e-05, -0.000357762, -3.38905e-05, 1, -0.00106152, 0.000357732, 0.00106158, 0.999999; 
2.04, 1, 2.60587e-05, -0.000405341, -2.65468e-05, 0.999999, -0.00116313, 0.000405282, 0.001163, 0.999999; 
2.05, 1, 4.38135e-05, -0.000547811, -4.47259e-05, 0.999999, -0.00162271, 0.000547722, 0.00162273, 0.999999; 
2.06, 1, -1.86603e-06, -0.000536352, 1.07675e-06, 0.999999, -0.00141672, 0.000536367, 0.00141662, 0.999999; 
2.07, 1, 1.94873e-05, -0.000343159, -1.98506e-05, 1, -0.000965788, 0.000343144, 0.000965857, 0.999999; 
2.08, 1, 1.9085e-05, -0.000581816, -2.00169e-05, 0.999999, -0.00161968, 0.000581786, 0.00161975, 0.999998; 
2.09, 1, 1.30724e-05, -0.000448778, -1.36192e-05, 0.999999, -0.00123087, 0.000448763, 0.00123089, 0.999999; 
2.1, 1, -4.44088e-05, -0.000669658, 4.33143e-05, 0.999999, -0.00162044, 0.000669748, 0.0016205, 0.999998; 
2.11, 1, -2.3577e-05, -0.000531286, 2.28986e-05, 0.999999, -0.00131833, 0.000531331, 0.00131842, 0.999999; 
2.12, 1, -4.62417e-05, -0.000636593, 4.53014e-05, 0.999999, -0.00152213, 0.000636712, 0.00152215, 0.999999; 
2.13, 1, 2.85023e-06, -0.000539526, -3.60093e-06, 0.999999, -0.00143993, 0.000539482, 0.00143986, 0.999999; 
2.14, 1, 3.59681e-05, -0.000536606, -3.68064e-05, 0.999999, -0.00155561, 0.000536487, 0.00155568, 0.999999; 
2.15, 1, -1.22534e-07, -0.000510007, -5.92443e-07, 0.999999, -0.00134687, 0.000510022, 0.00134682, 0.999999; 
2.16, 1, -6.11055e-05, -0.000602245, 6.03381e-05, 0.999999, -0.00137183, 0.00060229, 0.00137177, 0.999999; 
2.17, 1, -5.93397e-05, -0.000630841, 5.83924e-05, 0.999999, -0.00145797, 0.000630945, 0.00145795, 0.999999; 
2.18, 1, -6.41901e-05, -0.000555247, 6.35108e-05, 0.999999, -0.0012318, 0.000555322, 0.00123172, 0.999999; 
2.19, 1, -6.1709e-05, -0.000573397, 6.09932e-05, 0.999999, -0.00129127, 0.000573471, 0.00129124, 0.999999; 
2.2, 1, -2.57302e-05, -0.000669867, 2.46222e-05, 0.999999, -0.00169083, 0.000669912, 0.00169083, 0.999998; 
2.21, 1, -4.20469e-05, -0.00066705, 4.09777e-05, 0.999999, -0.00162217, 0.000667125, 0.00162222, 0.999998; 
2.22, 1, -3.37097e-05, -0.000681326, 3.25885e-05, 0.999999, -0.00169219, 0.000681356, 0.00169223, 0.999998; 
2.23, 1, -4.49824e-05, -0.000643596, 4.39671e-05, 0.999999, -0.00154674, 0.000643671, 0.00154665, 0.999999; 
2.24, 1, -3.06475e-05, -0.000840381, 2.8818e-05, 0.999998, -0.00214172, 0.000840485, 0.00214177, 0.999997; 
2.25, 1, -6.65664e-06, -0.000847757, 4.77809e-06, 0.999997, -0.00225026, 0.000847757, 0.00225028, 0.999997; 
2.26, 1, -2.33981e-05, -0.000836268, 2.15936e-05, 0.999998, -0.00215665, 0.000836298, 0.00215667, 0.999997; 
2.27, 1, -1.86446e-05, -0.00095284, 1.62992e-05, 0.999997, -0.00249569, 0.000952915, 0.00249573, 0.999996; 
2.28, 1, -1.86744e-05, -0.000952765, 1.62995e-05, 0.999997, -0.00249534, 0.000952795, 0.00249528, 0.999996; 
2.29, 1, -1.04266e-05, -0.00101022, 7.68317e-06, 0.999996, -0.00268416, 0.0010103, 0.00268417, 0.999996; 
2.3, 1, -7.14089e-06, -0.000917107, 4.91586e-06, 0.999997, -0.00243911, 0.000917122, 0.00243905, 0.999997; 
2.31, 1, -1.28257e-05, -0.000928774, 1.06332e-05, 0.999997, -0.00244992, 0.00092879, 0.00245001, 0.999996; 
2.32, 1, -1.63945e-05, -0.000870034, 1.44479e-05, 0.999997, -0.00227545, 0.000870079, 0.00227537, 0.999997; 
2.33, 1, -7.15576e-06, -0.000705063, 5.86363e-06, 0.999998, -0.00185528, 0.000705093, 0.00185525, 0.999998; 
2.34, 1, 1.44967e-06, -0.000563696, -2.32374e-06, 0.999999, -0.00149749, 0.000563696, 0.00149759, 0.999999; 
2.35, 1, 2.1231e-05, -0.000690892, -2.25609e-05, 0.999998, -0.00191949, 0.000690833, 0.00191953, 0.999998; 
2.36, 1, 1.37357e-05, -0.000663608, -1.49029e-05, 0.999998, -0.00181863, 0.000663579, 0.00181862, 0.999998; 
2.37, 1, 2.97544e-05, -0.000619844, -3.08671e-05, 0.999998, -0.00175648, 0.000619844, 0.00175657, 0.999998; 
2.38, 1, 2.93596e-05, -0.000714555, -3.0807e-05, 0.999998, -0.00201608, 0.000714481, 0.00201606, 0.999998; 
2.39, 1, 2.5381e-05, -0.000759497, -2.70278e-05, 0.999998, -0.00212627, 0.000759423, 0.00212627, 0.999997; 
2.4, 1, 3.05368e-05, -0.000699908, -3.19639e-05, 0.999998, -0.00198132, 0.000699863, 0.00198134, 0.999998; 
2.41, 1, 3.19896e-05, -0.000778645, -3.36878e-05, 0.999997, -0.00220287, 0.000778556, 0.00220286, 0.999997; 
2.42, 1, 3.16693e-05, -0.000810862, -3.35414e-05, 0.999997, -0.00229082, 0.000810787, 0.00229078, 0.999997; 
2.43, 1, 2.22964e-05, -0.000900269, -2.45756e-05, 0.999997, -0.00250344, 0.000900194, 0.00250351, 0.999996; 
2.44, 1, 1.9808e-05, -0.000877067, -2.19125e-05, 0.999997, -0.00243085, 0.000877023, 0.00243088, 0.999996; 
2.45, 1, 2.12757e-05, -0.000783116, -2.29555e-05, 0.999998, -0.00217745, 0.000783101, 0.00217744, 0.999997; 
2.46, 1, 2.46285e-05, -0.000670344, -2.58244e-05, 0.999998, -0.00187837, 0.000670314, 0.00187835, 0.999998; 
2.47, 1, 2.77801e-05, -0.000573486, -2.87111e-05, 0.999999, -0.00162303, 0.000573442, 0.001623, 0.999999; 
2.48, 1, 5.06683e-05, -0.000588551, -5.17209e-05, 0.999998, -0.00174623, 0.000588492, 0.00174623, 0.999998; 
2.49, 1, 5.2002e-05, -0.000588596, -5.30229e-05, 0.999998, -0.001751, 0.000588492, 0.00175097, 0.999998; 
2.5, 1, 5.64276e-05, -0.000699043, -5.78359e-05, 0.999998, -0.00207163, 0.000698909, 0.00207173, 0.999997; 
2.51, 1, 5.35368e-05, -0.000565931, -5.45041e-05, 0.999999, -0.00169532, 0.000565827, 0.00169527, 0.999998; 
2.52, 1, 7.68571e-05, -0.000565439, -7.78381e-05, 0.999998, -0.0017759, 0.000565246, 0.00177595, 0.999998; 
2.53, 1, 6.32673e-05, -0.000457332, -6.39618e-05, 0.999999, -0.00143009, 0.000457242, 0.00143006, 0.999999; 
2.54, 1, 8.9918e-05, -0.000436902, -9.05708e-05, 0.999999, -0.00146866, 0.000436753, 0.00146868, 0.999999; 
2.55, 1, 9.39563e-05, -0.00035964, -9.44384e-05, 0.999999, -0.00127016, 0.00035952, 0.0012702, 0.999999; 
2.56, 1, 8.46132e-05, -0.000405952, -8.52113e-05, 0.999999, -0.00136552, 0.000405878, 0.00136551, 0.999999; 
2.57, 1, 6.27756e-05, -0.00038673, -6.32942e-05, 0.999999, -0.00123638, 0.000386641, 0.00123643, 0.999999; 
2.58, 1, 6.30513e-05, -0.000362486, -6.34967e-05, 0.999999, -0.00117078, 0.000362456, 0.00117084, 0.999999; 
2.59, 1, 1.39966e-05, -0.000421762, -1.44938e-05, 0.999999, -0.00116206, 0.000421733, 0.00116196, 0.999999; 
2.6, 1, 4.71666e-05, -0.000452101, -4.77935e-05, 0.999999, -0.00136125, 0.000452072, 0.00136128, 0.999999; 
2.61, 1, 6.58676e-05, -0.000587642, -6.69534e-05, 0.999998, -0.00179872, 0.000587493, 0.00179868, 0.999998; 
2.62, 1, 3.36662e-05, -0.000543803, -3.45029e-05, 0.999999, -0.00156661, 0.000543803, 0.00156655, 0.999999; 
2.63, 1, 3.12522e-05, -0.000490606, -3.19963e-05, 0.999999, -0.00141165, 0.000490576, 0.00141164, 0.999999; 
2.64, 1, 6.17847e-05, -0.000506133, -6.25749e-05, 0.999999, -0.00155935, 0.000506044, 0.00155922, 0.999999; 
2.65, 1, 0.000119765, -0.000436038, -0.000120471, 0.999999, -0.00156602, 0.000435859, 0.00156614, 0.999999; 
2.66, 1, 0.000134845, -0.000466615, -0.00013569, 0.999999, -0.0017017, 0.000466436, 0.00170183, 0.999998; 
2.67, 1, 0.000126888, -0.000519097, -0.000127819, 0.999998, -0.00181855, 0.000518888, 0.00181859, 0.999998; 
2.68, 1, 9.07377e-05, -0.000658602, -9.21307e-05, 0.999998, -0.00207757, 0.000658453, 0.0020776, 0.999998; 
2.69, 1, 4.45888e-05, -0.000654012, -4.5862e-05, 0.999998, -0.00190695, 0.000653923, 0.00190696, 0.999998; 
2.7, 1, 5.4811e-05, -0.000782043, -5.66085e-05, 0.999997, -0.00229413, 0.000781954, 0.00229415, 0.999997; 
2.71, 1, 8.13649e-05, -0.000847667, -8.35919e-05, 0.999997, -0.00256545, 0.000847429, 0.00256547, 0.999996; 
2.72, 1, 7.30202e-05, -0.000988007, -7.59356e-05, 0.999996, -0.00292247, 0.000987828, 0.00292247, 0.999995; 
2.73, 1, 9.33007e-05, -0.00100157, -9.638e-05, 0.999995, -0.00302844, 0.00100133, 0.00302845, 0.999995; 
2.74, 1, 9.62363e-05, -0.000826508, -9.8317e-05, 0.999997, -0.0025542, 0.00082624, 0.00255432, 0.999996; 
2.75, 1, 0.000130628, -0.000859529, -0.000133037, 0.999996, -0.00276148, 0.000859171, 0.00276148, 0.999996; 
2.76, 1, 0.000143384, -0.000714242, -0.000145078, 0.999997, -0.00240381, 0.000713945, 0.00240388, 0.999997; 
2.77, 1, 0.000155677, -0.000660449, -0.00015719, 0.999997, -0.00229743, 0.000660092, 0.00229755, 0.999997; 
2.78, 1, 0.000163947, -0.000705689, -0.000165697, 0.999997, -0.00245037, 0.000705332, 0.00245049, 0.999997; 
2.79, 1, 0.000175332, -0.000541508, -0.000176439, 0.999998, -0.00203568, 0.000541151, 0.0020357, 0.999998; 
2.8, 1, 0.000150179, -0.000471592, -0.000150994, 0.999998, -0.0017591, 0.000471294, 0.00175908, 0.999998; 
2.81, 1, 0.000128214, -0.000309229, -0.000128578, 0.999999, -0.00123814, 0.00030908, 0.00123822, 0.999999; 
2.82, 1, 0.000133161, -0.000213683, -0.000133377, 0.999999, -0.000992381, 0.000213593, 0.000992384, 0.999999; 
2.83, 1, 0.000128646, -0.000284404, -0.000128983, 0.999999, -0.00117162, 0.000284284, 0.00117164, 0.999999; 
2.84, 1, 0.000128691, -0.000314116, -0.000129119, 0.999999, -0.00125361, 0.000313968, 0.00125363, 0.999999; 
2.85, 1, 0.000120749, -0.00036636, -0.000121244, 0.999999, -0.00137113, 0.000366211, 0.00137114, 0.999999; 
2.86, 1, 0.000108753, -0.000444531, -0.000109396, 0.999999, -0.00154522, 0.000444383, 0.00154528, 0.999999; 
2.87, 1, 8.27955e-05, -0.000635475, -8.40513e-05, 0.999998, -0.00198385, 0.000635326, 0.00198394, 0.999998; 
2.88, 1, 5.84023e-05, -0.000632852, -5.96375e-05, 0.999998, -0.00189512, 0.000632703, 0.0018951, 0.999998; 
2.89, 1, 4.21303e-05, -0.000627577, -4.32852e-05, 0.999998, -0.00182597, 0.000627458, 0.00182595, 0.999998; 
2.9, 1, 4.99534e-05, -0.000662088, -5.12485e-05, 0.999998, -0.00194597, 0.000661999, 0.00194606, 0.999998; 
2.91, 1, 5.49453e-05, -0.000765592, -5.67045e-05, 0.999997, -0.00224697, 0.000765503, 0.00224691, 0.999997; 
2.92, 1, 5.75232e-05, -0.000764817, -5.93015e-05, 0.999997, -0.00225203, 0.000764698, 0.00225198, 0.999997; 
2.93, 1, 4.63622e-05, -0.000776738, -4.80874e-05, 0.999997, -0.00224708, 0.000776649, 0.00224706, 0.999997; 
2.94, 1, 1.73348e-05, -0.000704885, -1.87836e-05, 0.999998, -0.00195308, 0.000704885, 0.00195306, 0.999998; 
2.95, 1, 3.72279e-05, -0.000655919, -3.84983e-05, 0.999998, -0.00188324, 0.00065583, 0.00188321, 0.999998; 
2.96, 1, 4.11767e-05, -0.000687569, -4.25173e-05, 0.999998, -0.00198195, 0.00068745, 0.00198191, 0.999998; 
2.97, 1, 4.08489e-05, -0.000696748, -4.22567e-05, 0.999998, -0.00200635, 0.000696659, 0.00200638, 0.999998; 
2.98, 1, 1.92273e-05, -0.000649482, -2.04041e-05, 0.999998, -0.00180535, 0.000649423, 0.00180536, 0.999998; 
2.99, 1, -1.63434e-06, -0.000647843, 4.97699e-07, 0.999998, -0.00173195, 0.000647843, 0.0017319, 0.999998; 
3, 1, 2.85554e-05, -0.000654638, -2.98033e-05, 0.999998, -0.00184907, 0.000654608, 0.00184905, 0.999998; 
3.01, 1, 3.06267e-05, -0.000613868, -3.17108e-05, 0.999998, -0.00174268, 0.000613809, 0.00174272, 0.999998; 
3.02, 1, 3.98356e-05, -0.000703454, -4.12571e-05, 0.999998, -0.00201974, 0.000703395, 0.00201982, 0.999998; 
3.03, 1, 2.57391e-05, -0.000681579, -2.70131e-05, 0.999998, -0.0019135, 0.00068152, 0.0019136, 0.999998; 
3.04, 1, -4.525e-05, -0.000578552, 4.44307e-05, 0.999999, -0.00139915, 0.000578642, 0.00139922, 0.999999; 
3.05, 1, -1.84279e-05, -0.000515312, 1.7752e-05, 0.999999, -0.00131179, 0.000515342, 0.00131181, 0.999999; 
3.06, 1, 3.64829e-05, -0.000513464, -3.72403e-05, 0.999999, -0.00148513, 0.000513464, 0.0014852, 0.999999; 
3.07, 1, 4.83144e-05, -0.00051406, -4.91504e-05, 0.999999, -0.00152386, 0.000514031, 0.00152388, 0.999999; 
3.08, 1, 5.3842e-06, -0.000553012, -6.2738e-06, 0.999999, -0.00149334, 0.000553042, 0.0014933, 0.999999; 
3.09, 1, -2.50887e-05, -0.000524402, 2.44237e-05, 0.999999, -0.00131606, 0.000524491, 0.00131607, 0.999999; 
3.1, 1, 4.87317e-05, -0.000585854, -4.97759e-05, 0.999999, -0.00172259, 0.000585795, 0.00172254, 0.999998; 
3.11, 1, 6.74774e-05, -0.000652373, -6.87708e-05, 0.999998, -0.00196572, 0.000652284, 0.00196579, 0.999998; 
3.12, 1, 6.63449e-05, -0.000720054, -6.78705e-05, 0.999998, -0.00214849, 0.000719935, 0.00214845, 0.999997; 
3.13, 1, 3.41733e-05, -0.000858217, -3.62042e-05, 0.999997, -0.00242543, 0.000858188, 0.00242543, 0.999997; 
3.14, 1, 9.95e-05, -0.000909835, -0.000102044, 0.999996, -0.00277613, 0.000909537, 0.00277623, 0.999996; 
3.15, 1, -0.000109861, -0.00105336, 0.00010715, 0.999997, -0.00250246, 0.0010536, 0.00250238, 0.999996; 
3.16, 1, 3.57528e-05, -0.000953585, -3.83317e-05, 0.999996, -0.00269158, 0.000953496, 0.00269165, 0.999996; 
3.17, 1, 0.000201647, -0.000834614, -0.000204056, 0.999996, -0.0028903, 0.000834018, 0.00289038, 0.999995; 
3.18, 1, 0.000372772, -0.000539839, -0.000374238, 0.999996, -0.00261951, 0.000538886, 0.00261971, 0.999996; 
3.19, 1, 0.000489434, -0.000284582, -0.000490068, 0.999997, -0.00228523, 0.00028348, 0.00228524, 0.999997; 
3.2, 1, 0.00042737, -0.0002231, -0.00042778, 0.999998, -0.00191971, 0.000222266, 0.00191977, 0.999998; 
3.21, 1, 0.000165944, -0.000600755, -0.000167224, 0.999998, -0.00213444, 0.000600398, 0.00213453, 0.999997; 
3.22, 1, 9.75182e-05, -0.00064981, -9.89101e-05, 0.999998, -0.00205521, 0.000649661, 0.00205525, 0.999998; 
3.23, 1, 7.9756e-05, -0.000814974, -8.17129e-05, 0.999997, -0.00245482, 0.000814766, 0.00245487, 0.999997; 
3.24, 1, 0.000104283, -0.000793755, -0.000106237, 0.999997, -0.00247314, 0.000793547, 0.0024732, 0.999997; 
3.25, 1, 0.000299086, -0.000418127, -0.000299971, 0.999998, -0.0020494, 0.000417501, 0.00204956, 0.999998; 
3.26, 1, 0.000199502, -0.000590324, -0.000200758, 0.999997, -0.00220893, 0.000589818, 0.00220904, 0.999997; 
3.27, 1, 0.000105773, -0.000822067, -0.000107865, 0.999997, -0.00255471, 0.000821829, 0.00255477, 0.999996; 
3.28, 1, 0.000149449, -0.000644088, -0.000150859, 0.999998, -0.00220096, 0.00064376, 0.00220105, 0.999997; 
3.29, 1, 0.000119274, -0.000714064, -0.000120903, 0.999997, -0.00229844, 0.000713825, 0.0022985, 0.999997; 
3.3, 1, 0.00015234, -0.000509351, -0.000153245, 0.999998, -0.00183668, 0.000509083, 0.00183677, 0.999998; 
3.31, 1, 0.000132968, -0.000401288, -0.000133551, 0.999999, -0.0014784, 0.00040111, 0.00147846, 0.999999; 
3.32, 1, 5.92968e-05, -0.000476599, -6.00322e-05, 0.999999, -0.00145755, 0.000476509, 0.0014576, 0.999999; 
3.33, 1, 2.99267e-05, -0.000521839, -3.07159e-05, 0.999999, -0.00149076, 0.000521779, 0.00149077, 0.999999; 
3.34, 1, 1.31927e-05, -0.000636727, -1.42751e-05, 0.999998, -0.00175454, 0.000636727, 0.00175458, 0.999998; 
3.35, 1, 2.20142e-05, -0.000497341, -2.26995e-05, 0.999999, -0.00139893, 0.000497341, 0.00139892, 0.999999; 
3.36, 1, -1.38678e-05, -0.000606984, 1.29697e-05, 0.999999, -0.00158814, 0.000606984, 0.00158819, 0.999999; 
3.37, 1, -2.85306e-05, -0.000569463, 2.76917e-05, 0.999999, -0.00144026, 0.000569493, 0.00144022, 0.999999; 
3.38, 1, -4.07942e-05, -0.000648379, 3.97355e-05, 0.999999, -0.00161921, 0.000648409, 0.00161925, 0.999998; 
3.39, 1, -4.17181e-05, -0.000632167, 4.07602e-05, 0.999999, -0.00157086, 0.000632227, 0.00157094, 0.999998; 
3.4, 1, -1.96047e-05, -0.000579774, 1.87862e-05, 0.999999, -0.00149409, 0.000579774, 0.00149411, 0.999999; 
3.41, 1, -9.75505e-06, -0.000551552, 8.94852e-06, 0.999999, -0.00144606, 0.000551581, 0.00144601, 0.999999; 
3.42, 1, -1.14687e-05, -0.000553608, 1.06842e-05, 0.999999, -0.00144579, 0.000553668, 0.00144583, 0.999999; 
3.43, 1, -1.6935e-06, -0.000524849, 9.41737e-07, 0.999999, -0.00139587, 0.000524908, 0.00139594, 0.999999; 
3.44, 1, -4.34018e-05, -0.000571609, 4.26059e-05, 0.999999, -0.00139764, 0.000571728, 0.0013977, 0.999999; 
3.45, 1, -4.14796e-05, -0.000546575, 4.07292e-05, 0.999999, -0.00133431, 0.000546694, 0.00133434, 0.999999; 
3.46, 1, -3.8246e-05, -0.000516862, 3.76668e-05, 0.999999, -0.00126201, 0.000516921, 0.00126216, 0.999999; 
3.47, 1, -2.43283e-05, -0.000395626, 2.39081e-05, 1, -0.000971068, 0.000395596, 0.000971077, 0.999999; 
3.48, 1, -1.47767e-05, -0.000346094, 1.45207e-05, 1, -0.00086369, 0.000346124, 0.000863759, 1; 
3.49, 1, -2.0454e-05, -0.000328243, 2.02079e-05, 1, -0.000796919, 0.000328302, 0.000796972, 1; 
3.5, 1, -2.66231e-05, -0.000408202, 2.62292e-05, 1, -0.000999147, 0.000408202, 0.000999151, 0.999999; 
3.51, 1, -2.38365e-05, -0.000488847, 2.32393e-05, 0.999999, -0.00122886, 0.000488907, 0.00122881, 0.999999; 
3.52, 1, -3.76499e-05, -0.000526458, 3.69235e-05, 0.999999, -0.00129055, 0.000526458, 0.00129059, 0.999999; 
3.53, 1, -3.30305e-05, -0.000557482, 3.22098e-05, 0.999999, -0.00139053, 0.000557542, 0.00139054, 0.999999; 
3.54, 1, -9.21848e-06, -0.000693113, 7.93358e-06, 0.999998, -0.00183465, 0.000693113, 0.00183466, 0.999998; 
3.55, 1, 6.04032e-06, -0.000620127, -7.07986e-06, 0.999999, -0.00167932, 0.000620187, 0.00167939, 0.999998; 
3.56, 1, -7.43032e-06, -0.000750482, 5.95644e-06, 0.999998, -0.0019971, 0.000750512, 0.00199717, 0.999998; 
3.57, 1, -1.84238e-06, -0.000805855, 8.70151e-08, 0.999998, -0.00216524, 0.000805825, 0.00216529, 0.999997; 
3.58, 1, 1.6929e-07, -0.000809908, -1.95235e-06, 0.999998, -0.0021824, 0.000809878, 0.00218242, 0.999997; 
3.59, 1, 2.18207e-05, -0.000826329, -2.3707e-05, 0.999997, -0.00229211, 0.000826299, 0.00229218, 0.999997; 
3.6, 1, 6.80033e-06, -0.000764728, -8.29856e-06, 0.999998, -0.0020776, 0.000764758, 0.00207764, 0.999997; 
3.61, 1, 4.68398e-05, -0.000773758, -4.8517e-05, 0.999998, -0.00222044, 0.000773698, 0.00222051, 0.999997; 
3.62, 1, 4.08197e-05, -0.000812829, -4.26506e-05, 0.999997, -0.0023094, 0.00081271, 0.0023095, 0.999997; 
3.63, 1, 8.79223e-05, -0.000492394, -8.86201e-05, 0.999999, -0.00156723, 0.000492275, 0.00156733, 0.999999; 
3.64, 1, 7.54947e-05, -0.000571787, -7.643e-05, 0.999999, -0.00174883, 0.000571698, 0.00174901, 0.999998; 
3.65, 1, 7.1382e-05, -0.000485688, -7.20644e-05, 0.999999, -0.00149988, 0.000485599, 0.00150004, 0.999999; 
3.66, 1, 8.60597e-05, -0.000330061, -8.64556e-05, 0.999999, -0.001115, 0.000330031, 0.00111514, 0.999999; 
3.67, 1, 5.73601e-05, -0.000492632, -5.80405e-05, 0.999999, -0.00147836, 0.000492573, 0.00147852, 0.999999; 
3.68, 1, 4.16096e-05, -0.000489026, -4.23097e-05, 0.999999, -0.00142346, 0.000488967, 0.00142357, 0.999999; 
3.69, 1, 2.84518e-05, -0.000369668, -2.88454e-05, 1, -0.00105674, 0.000369608, 0.00105682, 0.999999; 
3.7, 1, -8.83086e-06, -0.000568777, 7.94514e-06, 0.999999, -0.00149614, 0.000568837, 0.00149611, 0.999999; 
3.71, 1, 8.96113e-06, -0.00056833, -9.82755e-06, 0.999999, -0.00154697, 0.00056839, 0.00154701, 0.999999; 
3.72, 1, 2.37133e-05, -0.000683635, -2.50054e-05, 0.999998, -0.00190635, 0.000683636, 0.00190639, 0.999998; 
3.73, 1, 4.0194e-05, -0.00063175, -4.13308e-05, 0.999998, -0.00181147, 0.00063169, 0.00181147, 0.999998; 
3.74, 1, 0.000112241, -0.000602961, -0.000113358, 0.999998, -0.00194109, 0.000602782, 0.00194126, 0.999998; 
3.75, 1, 0.000109082, -0.000520945, -0.000109934, 0.999998, -0.001706, 0.000520796, 0.00170609, 0.999998; 
3.76, 1, 0.00011695, -0.00066939, -0.00011837, 0.999998, -0.00213716, 0.000669152, 0.00213724, 0.999997; 
3.77, 1, 0.00010944, -0.000671357, -0.000110875, 0.999998, -0.00212051, 0.000671208, 0.00212061, 0.999998; 
