0, 0.93978, 0.341781, 0.000176303, -0.341781, 0.93978, 0.000154047, -0.000113035, -0.000205028, 1; 
0.01, 0.939779, 0.341781, 0.000995969, -0.341781, 0.93978, -0.000378973, -0.00106552, 1.57482e-05, 0.999999; 
0.02, 0.939767, 0.341781, -0.00495383, -0.341791, 0.939775, -0.00144871, 0.00416035, 0.00305463, 0.999987; 
0.03, 0.939608, 0.34177, -0.0181443, -0.341876, 0.93974, -0.00300577, 0.0160237, 0.00902737, 0.999831; 
0.04, 0.93903, 0.341726, -0.0380194, -0.342192, 0.939609, -0.00628951, 0.0335741, 0.018916, 0.999257; 
0.05, 0.937821, 0.341631, -0.0614754, -0.342849, 0.939335, -0.010175, 0.0542699, 0.0306191, 0.998057; 
0.06, 0.935931, 0.34147, -0.0862081, -0.343923, 0.938879, -0.0149571, 0.0758316, 0.0436477, 0.996165; 
0.07, 0.933438, 0.341228, -0.110714, -0.345459, 0.938199, -0.0209941, 0.0967081, 0.0578438, 0.993631; 
0.08, 0.930548, 0.340901, -0.133672, -0.347423, 0.937284, -0.0282241, 0.115667, 0.0727045, 0.990624; 
0.09, 0.927693, 0.340494, -0.153134, -0.34967, 0.936151, -0.0367821, 0.130832, 0.0876687, 0.987521; 
0.1, 0.925414, 0.340041, -0.167274, -0.351898, 0.934891, -0.0463303, 0.140629, 0.101738, 0.984821; 
0.11, 0.924098, 0.339603, -0.175248, -0.353728, 0.933675, -0.0559226, 0.144634, 0.113668, 0.982935; 
0.12, 0.923837, 0.339225, -0.177348, -0.354939, 0.932624, -0.0650502, 0.143332, 0.123043, 0.981996; 
0.13, 0.924345, 0.338887, -0.175331, -0.355628, 0.931689, -0.0740599, 0.138256, 0.13081, 0.98172; 
0.14, 0.92535, 0.338554, -0.170612, -0.355941, 0.930766, -0.0835543, 0.130512, 0.138045, 0.981789; 
0.15, 0.926602, 0.338201, -0.164403, -0.355982, 0.929787, -0.093666, 0.121182, 0.145316, 0.981936; 
0.16, 0.927999, 0.33784, -0.157105, -0.35573, 0.928786, -0.103982, 0.110788, 0.152382, 0.982092; 
0.17, 0.9295, 0.337456, -0.14884, -0.355188, 0.927723, -0.114764, 0.0993543, 0.159539, 0.982179; 
0.18, 0.931091, 0.33705, -0.139523, -0.354307, 0.926601, -0.126005, 0.0868124, 0.166756, 0.982169; 
0.19, 0.932763, 0.336695, -0.128805, -0.352971, 0.925616, -0.136549, 0.0732487, 0.172832, 0.982224; 
0.2, 0.934468, 0.336445, -0.11651, -0.351162, 0.924925, -0.145597, 0.0587782, 0.17697, 0.98246; 
0.21, 0.936114, 0.336205, -0.103227, -0.349008, 0.924262, -0.154702, 0.0433974, 0.180846, 0.982554; 
0.22, 0.937636, 0.335965, -0.0892593, -0.346541, 0.923598, -0.16394, 0.0273617, 0.184648, 0.982424; 
0.23, 0.939021, 0.335917, -0.0734782, -0.343697, 0.923464, -0.170548, 0.0105647, 0.185402, 0.982606; 
0.24, 0.940181, 0.335911, -0.0567787, -0.340605, 0.923449, -0.17672, -0.00692997, 0.185488, 0.982622; 
0.25, 0.941058, 0.335895, -0.0397984, -0.337337, 0.923403, -0.183112, -0.0247562, 0.185744, 0.982286; 
0.26, 0.941638, 0.335915, -0.0219014, -0.33383, 0.923461, -0.189149, -0.0433131, 0.185421, 0.981704; 
0.27, 0.941843, 0.336037, -0.00319739, -0.330256, 0.923797, -0.193729, -0.0621464, 0.183519, 0.98105; 
0.28, 0.941659, 0.336192, 0.0158943, -0.32663, 0.924226, -0.197784, -0.0811835, 0.181054, 0.980117; 
0.29, 0.941047, 0.336418, 0.0354108, -0.323076, 0.92485, -0.200686, -0.100264, 0.177415, 0.979015; 
0.3, 0.940006, 0.336686, 0.0550596, -0.319647, 0.925591, -0.202747, -0.119225, 0.172984, 0.977682; 
0.31, 0.938477, 0.33705, 0.0752217, -0.316509, 0.926601, -0.20306, -0.138142, 0.166759, 0.976273; 
0.32, 0.936492, 0.337437, 0.0954953, -0.313587, 0.92767, -0.202712, -0.15699, 0.159892, 0.974571; 
0.33, 0.934099, 0.337794, 0.115563, -0.310771, 0.928659, -0.20252, -0.175728, 0.15326, 0.972436; 
0.34, 0.931214, 0.338221, 0.135822, -0.308463, 0.929842, -0.200611, -0.194144, 0.144916, 0.97021; 
0.35, 0.927865, 0.338638, 0.156173, -0.306385, 0.930998, -0.198419, -0.212589, 0.136257, 0.967595; 
0.36, 0.924049, 0.339092, 0.176494, -0.304904, 0.932256, -0.194763, -0.23058, 0.126157, 0.964841; 
0.37, 0.919801, 0.339548, 0.196658, -0.303962, 0.93352, -0.190125, -0.248141, 0.115101, 0.961862; 
0.38, 0.915158, 0.340013, 0.216512, -0.303797, 0.934812, -0.183942, -0.264941, 0.102561, 0.958795; 
0.39, 0.910175, 0.340446, 0.235964, -0.304233, 0.936016, -0.176964, -0.281112, 0.0892803, 0.955513; 
0.4, 0.904943, 0.34082, 0.254795, -0.30511, 0.937059, -0.169789, -0.296625, 0.0759086, 0.951972; 
0.41, 0.899425, 0.341154, 0.27322, -0.306694, 0.93799, -0.161594, -0.311406, 0.061547, 0.948282; 
0.42, 0.893646, 0.341434, 0.291238, -0.309069, 0.938778, -0.152221, -0.325382, 0.0460186, 0.944462; 
0.43, 0.887712, 0.341636, 0.30863, -0.312013, 0.93935, -0.142368, -0.33855, 0.0300853, 0.940467; 
0.44, 0.88164, 0.341756, 0.325445, -0.315712, 0.939696, -0.13152, -0.350767, 0.0132061, 0.93637; 
0.45, 0.875441, 0.341776, 0.341747, -0.320132, 0.93977, -0.11978, -0.362102, -0.00454373, 0.932127; 
0.46, 0.869188, 0.341681, 0.357445, -0.325318, 0.939528, -0.107029, -0.372399, -0.0232546, 0.927781; 
0.47, 0.863114, 0.341471, 0.372063, -0.330813, 0.938969, -0.0943407, -0.381571, -0.0416568, 0.923401; 
0.48, 0.857097, 0.341118, 0.386035, -0.337153, 0.938018, -0.0803094, -0.389503, -0.0613199, 0.918982; 
0.49, 0.85117, 0.340626, 0.399354, -0.343902, 0.936686, -0.0659579, -0.396536, -0.0811974, 0.914421; 
0.5, 0.845573, 0.339999, 0.41159, -0.350958, 0.934983, -0.0513447, -0.402287, -0.101035, 0.909922; 
0.51, 0.840279, 0.339212, 0.422926, -0.358503, 0.932838, -0.035909, -0.406702, -0.121446, 0.905452; 
0.52, 0.835083, 0.338268, 0.433833, -0.366333, 0.930265, -0.0201922, -0.41041, -0.142065, 0.900767; 
0.53, 0.830447, 0.337149, 0.443496, -0.374529, 0.927208, -0.00356321, -0.412414, -0.163143, 0.896269; 
0.54, 0.826349, 0.335979, 0.451958, -0.382178, 0.924013, 0.0118661, -0.413628, -0.182534, 0.89196; 
0.55, 0.822371, 0.334576, 0.46018, -0.390452, 0.920174, 0.0287467, -0.413828, -0.203319, 0.88736; 
0.56, 0.818978, 0.333016, 0.467307, -0.398734, 0.915907, 0.0461002, -0.412658, -0.224086, 0.882892; 
0.57, 0.816036, 0.331282, 0.473643, -0.407049, 0.911161, 0.0640042, -0.410362, -0.245026, 0.878388; 
0.58, 0.813617, 0.329375, 0.479104, -0.415304, 0.905938, 0.0824574, -0.406879, -0.266063, 0.873877; 
0.59, 0.811719, 0.327497, 0.483589, -0.4227, 0.900793, 0.0994779, -0.403035, -0.285161, 0.869624; 
0.6, 0.810764, 0.325577, 0.486478, -0.429489, 0.895533, 0.116448, -0.397745, -0.303349, 0.865898; 
0.61, 0.809801, 0.323462, 0.489484, -0.436371, 0.889737, 0.133973, -0.392177, -0.322088, 0.861659; 
0.62, 0.809764, 0.321354, 0.490931, -0.44245, 0.88396, 0.151173, -0.385384, -0.339627, 0.857982; 
0.63, 0.810207, 0.319043, 0.491708, -0.448412, 0.877624, 0.169421, -0.377482, -0.357754, 0.854119; 
0.64, 0.811279, 0.31667, 0.491474, -0.453768, 0.871116, 0.187755, -0.368674, -0.375337, 0.850413; 
0.65, 0.812573, 0.314212, 0.490914, -0.458709, 0.864373, 0.206021, -0.359599, -0.392594, 0.846498; 
0.66, 0.81468, 0.311989, 0.488835, -0.462331, 0.858278, 0.222731, -0.350067, -0.407458, 0.843464; 
0.67, 0.816463, 0.309227, 0.487613, -0.466673, 0.850701, 0.241918, -0.340005, -0.425073, 0.838874; 
0.68, 0.819305, 0.306611, 0.484489, -0.469704, 0.843523, 0.260476, -0.328813, -0.440976, 0.835118; 
0.69, 0.822473, 0.304029, 0.480733, -0.471999, 0.83644, 0.278543, -0.317419, -0.455999, 0.83145; 
0.7, 0.825927, 0.301263, 0.476534, -0.4739, 0.82885, 0.297366, -0.30539, -0.471432, 0.827338; 
0.71, 0.83031, 0.299153, 0.470205, -0.473853, 0.82306, 0.313106, -0.29334, -0.482783, 0.82515; 
0.72, 0.834901, 0.297195, 0.463265, -0.473072, 0.817688, 0.328009, -0.281324, -0.493013, 0.823283; 
0.73, 0.839533, 0.295367, 0.456007, -0.471735, 0.81267, 0.342102, -0.269538, -0.50232, 0.821598; 
0.74, 0.844722, 0.293418, 0.447605, -0.469711, 0.80732, 0.35722, -0.256546, -0.511997, 0.819782; 
0.75, 0.849596, 0.291111, 0.439819, -0.467839, 0.800988, 0.373557, -0.243544, -0.523137, 0.81671; 
0.76, 0.854688, 0.288764, 0.431422, -0.465341, 0.794545, 0.390072, -0.230146, -0.534147, 0.813461; 
0.77, 0.860132, 0.28672, 0.421858, -0.461801, 0.788934, 0.405367, -0.216592, -0.543484, 0.810995; 
0.78, 0.865906, 0.284702, 0.41128, -0.457428, 0.783396, 0.420773, -0.2024, -0.552481, 0.808578; 
0.79, 0.871643, 0.282735, 0.400374, -0.45254, 0.777996, 0.435808, -0.188271, -0.561055, 0.806084; 
0.8, 0.877218, 0.28123, 0.3891, -0.447082, 0.773863, 0.448613, -0.174947, -0.567491, 0.804579; 
0.81, 0.882809, 0.27949, 0.377537, -0.441235, 0.769086, 0.462404, -0.161122, -0.574797, 0.802277; 
0.82, 0.888288, 0.278176, 0.365462, -0.434849, 0.765479, 0.474287, -0.147819, -0.580224, 0.800931; 
0.83, 0.894169, 0.277035, 0.351729, -0.427362, 0.762347, 0.485993, -0.133503, -0.584875, 0.800061; 
0.84, 0.899756, 0.275639, 0.338323, -0.419788, 0.758515, 0.49843, -0.119237, -0.590489, 0.798189; 
0.85, 0.905174, 0.274469, 0.324541, -0.411818, 0.755302, 0.509829, -0.105194, -0.595136, 0.79671; 
0.86, 0.910401, 0.273622, 0.310325, -0.403498, 0.752977, 0.519821, -0.0914335, -0.598461, 0.795917; 
0.87, 0.915404, 0.272705, 0.296088, -0.394969, 0.750458, 0.529918, -0.0776908, -0.602034, 0.794681; 
0.88, 0.920408, 0.272255, 0.280583, -0.385745, 0.749222, 0.538392, -0.0636396, -0.603774, 0.794611; 
0.89, 0.925238, 0.271675, 0.264815, -0.376171, 0.747632, 0.547304, -0.0492951, -0.606002, 0.793934; 
0.9, 0.929747, 0.271241, 0.248995, -0.366512, 0.74644, 0.555425, -0.0352056, -0.607664, 0.793413; 
0.91, 0.933989, 0.270942, 0.232929, -0.356676, 0.745618, 0.562882, -0.021168, -0.608805, 0.793037; 
0.92, 0.938001, 0.270785, 0.216401, -0.346562, 0.745187, 0.56973, -0.00698485, -0.609403, 0.792829; 
0.93, 0.941749, 0.270823, 0.199407, -0.336236, 0.745291, 0.575749, 0.00730973, -0.609259, 0.792937; 
0.94, 0.945115, 0.271042, 0.182464, -0.32604, 0.745893, 0.580811, 0.0213253, -0.608424, 0.793325; 
0.95, 0.948144, 0.271262, 0.165652, -0.315887, 0.746497, 0.585625, 0.0351989, -0.607584, 0.793475; 
0.96, 0.950882, 0.271623, 0.148474, -0.305616, 0.747489, 0.589796, 0.0492196, -0.606202, 0.793786; 
0.97, 0.953267, 0.272397, 0.130701, -0.295411, 0.749613, 0.592295, 0.0633639, -0.603225, 0.79505; 
0.98, 0.955297, 0.273148, 0.113123, -0.285339, 0.751677, 0.594612, 0.0773854, -0.60031, 0.796015; 
0.99, 0.956972, 0.273999, 0.0955435, -0.275424, 0.754012, 0.596329, 0.0913525, -0.596985, 0.797034; 
1, 0.958299, 0.274941, 0.0779209, -0.265654, 0.756597, 0.597485, 0.105318, -0.593269, 0.798085; 
1.01, 0.95924, 0.276108, 0.0601877, -0.256195, 0.759802, 0.597549, 0.119257, -0.588613, 0.79957; 
1.02, 0.959844, 0.277288, 0.0425551, -0.246917, 0.763043, 0.597325, 0.13316, -0.583846, 0.800869; 
1.03, 0.960062, 0.278682, 0.024855, -0.238033, 0.766868, 0.596031, 0.147042, -0.578143, 0.802576; 
1.04, 0.959937, 0.28012, 0.00736777, -0.229494, 0.770818, 0.594283, 0.160791, -0.572165, 0.804222; 
1.05, 0.959473, 0.281622, -0.00998523, -0.221297, 0.774941, 0.592025, 0.174465, -0.565823, 0.805858; 
1.06, 0.958568, 0.283537, -0.0274553, -0.213941, 0.780199, 0.587808, 0.188086, -0.55758, 0.808534; 
1.07, 0.957417, 0.285269, -0.0444286, -0.20678, 0.784953, 0.58403, 0.20148, -0.549973, 0.810515; 
1.08, 0.955865, 0.28726, -0.0616703, -0.200188, 0.790418, 0.578934, 0.21505, -0.541037, 0.813039; 
1.09, 0.954154, 0.288993, -0.0779338, -0.193913, 0.795174, 0.57454, 0.228009, -0.533087, 0.814758; 
1.1, 0.951991, 0.291155, -0.0945628, -0.188585, 0.801108, 0.568033, 0.24114, -0.522929, 0.817555; 
1.11, 0.949511, 0.293455, -0.110969, -0.18403, 0.807421, 0.560539, 0.254092, -0.511816, 0.820659; 
1.12, 0.946696, 0.295944, -0.127215, -0.180396, 0.814254, 0.551767, 0.266878, -0.499407, 0.824238; 
1.13, 0.943739, 0.298264, -0.142813, -0.177132, 0.82062, 0.54333, 0.279251, -0.487465, 0.827283; 
1.14, 0.940693, 0.300493, -0.157481, -0.174557, 0.826737, 0.534823, 0.290906, -0.475615, 0.830159; 
1.15, 0.93735, 0.302873, -0.172171, -0.172779, 0.833269, 0.525177, 0.302526, -0.462527, 0.833395; 
1.16, 0.933772, 0.305395, -0.186558, -0.17204, 0.840189, 0.514281, 0.313803, -0.448126, 0.837085; 
1.17, 0.930021, 0.307974, -0.200533, -0.172224, 0.847264, 0.502476, 0.324654, -0.432777, 0.841013; 
1.18, 0.926314, 0.310371, -0.21357, -0.172885, 0.853839, 0.490989, 0.334743, -0.417887, 0.844581; 
1.19, 0.922545, 0.312762, -0.226033, -0.174367, 0.860399, 0.478862, 0.344249, -0.402359, 0.848292; 
1.2, 0.918525, 0.315327, -0.238497, -0.177054, 0.867434, 0.464983, 0.353502, -0.384872, 0.85259; 
1.21, 0.914543, 0.317763, -0.250275, -0.18029, 0.874114, 0.451021, 0.362086, -0.367356, 0.856705; 
1.22, 0.910673, 0.320081, -0.261194, -0.184163, 0.880468, 0.436875, 0.369808, -0.349748, 0.860766; 
1.23, 0.907023, 0.322232, -0.271065, -0.188519, 0.886366, 0.422867, 0.376524, -0.332449, 0.864701; 
1.24, 0.9034, 0.324363, -0.28046, -0.193686, 0.892207, 0.407986, 0.382564, -0.314253, 0.868844; 
1.25, 0.899754, 0.326546, -0.289501, -0.200021, 0.898189, 0.391469, 0.387859, -0.294319, 0.873465; 
1.26, 0.896417, 0.328515, -0.297513, -0.206576, 0.903583, 0.375319, 0.392125, -0.274983, 0.877851; 
1.27, 0.893324, 0.330351, -0.304696, -0.213591, 0.908611, 0.358895, 0.395411, -0.255529, 0.882244; 
1.28, 0.890469, 0.332075, -0.311113, -0.221133, 0.913332, 0.341942, 0.3977, -0.235691, 0.886727; 
1.29, 0.887759, 0.33375, -0.317009, -0.229516, 0.917917, 0.323653, 0.399007, -0.214567, 0.89149; 
1.3, 0.885457, 0.335239, -0.321839, -0.238068, 0.921987, 0.305389, 0.39911, -0.19379, 0.89619; 
1.31, 0.883596, 0.336541, -0.325573, -0.24668, 0.925548, 0.287244, 0.398003, -0.173496, 0.900829; 
1.32, 0.882124, 0.337692, -0.328361, -0.255446, 0.928693, 0.268842, 0.395733, -0.153273, 0.905485; 
1.33, 0.880984, 0.338706, -0.330372, -0.264365, 0.931459, 0.249989, 0.392401, -0.132898, 0.910143; 
1.34, 0.880331, 0.339545, -0.33125, -0.27307, 0.933745, 0.231413, 0.387879, -0.113266, 0.914725; 
1.35, 0.880056, 0.340245, -0.331263, -0.281719, 0.935651, 0.212585, 0.382277, -0.0937635, 0.919278; 
1.36, 0.880129, 0.340821, -0.330475, -0.290422, 0.937214, 0.193093, 0.375536, -0.0739697, 0.923851; 
1.37, 0.88069, 0.341242, -0.32854, -0.298649, 0.938354, 0.174069, 0.367686, -0.0551828, 0.928311; 
1.38, 0.881612, 0.341542, -0.325746, -0.306673, 0.939158, 0.154706, 0.358765, -0.0364931, 0.932714; 
1.39, 0.882988, 0.341716, -0.321811, -0.314193, 0.939618, 0.135649, 0.348732, -0.0186654, 0.937037; 
1.4, 0.884702, 0.34178, -0.316999, -0.32123, 0.939779, 0.116735, 0.337807, -0.00144556, 0.941214; 
1.41, 0.886788, 0.341747, -0.311152, -0.32774, 0.939671, 0.0980054, 0.325874, 0.0150667, 0.945293; 
1.42, 0.889185, 0.341624, -0.304371, -0.33381, 0.939316, 0.0790938, 0.312921, 0.0312732, 0.949264; 
1.43, 0.891915, 0.341428, -0.296505, -0.339176, 0.938761, 0.0607194, 0.299079, 0.0464108, 0.953099; 
1.44, 0.894954, 0.341171, -0.287505, -0.343889, 0.93804, 0.04267, 0.284249, 0.0606819, 0.956828; 
1.45, 0.898158, 0.340864, -0.277711, -0.347947, 0.937181, 0.0249879, 0.268783, 0.0741856, 0.96034; 
1.46, 0.901529, 0.340512, -0.267014, -0.351384, 0.936201, 0.00750754, 0.252535, 0.0870562, 0.963663; 
1.47, 0.905073, 0.340154, -0.255223, -0.353992, 0.935206, -0.008911, 0.235655, 0.098412, 0.966841; 
1.48, 0.908675, 0.339772, -0.24262, -0.356011, 0.934143, -0.0251525, 0.218096, 0.109231, 0.969795; 
1.49, 0.912249, 0.339379, -0.229399, -0.357408, 0.933051, -0.0409219, 0.200153, 0.11932, 0.972472; 
1.5, 0.915834, 0.338976, -0.215275, -0.358207, 0.931933, -0.0564665, 0.181481, 0.128827, 0.97492; 
1.51, 0.919388, 0.338621, -0.200157, -0.358254, 0.930949, -0.070623, 0.162421, 0.136637, 0.977215; 
1.52, 0.922814, 0.338269, -0.184363, -0.357778, 0.929974, -0.0845168, 0.142863, 0.143954, 0.979218; 
1.53, 0.926104, 0.337971, -0.167654, -0.356686, 0.92915, -0.0972366, 0.122912, 0.149851, 0.981039; 
1.54, 0.929126, 0.337682, -0.150653, -0.355176, 0.928349, -0.109631, 0.102839, 0.155369, 0.982489; 
1.55, 0.931919, 0.337448, -0.132873, -0.353172, 0.9277, -0.121001, 0.0824348, 0.15969, 0.983719; 
1.56, 0.934423, 0.337255, -0.114507, -0.350765, 0.927168, -0.131617, 0.061779, 0.163151, 0.984665; 
1.57, 0.936606, 0.337163, -0.095346, -0.347978, 0.926911, -0.140524, 0.0409977, 0.164794, 0.985476; 
1.58, 0.938399, 0.337079, -0.0760619, -0.344964, 0.926679, -0.14922, 0.0201862, 0.166266, 0.985874; 
1.59, 0.939818, 0.337045, -0.0560583, -0.341674, 0.926586, -0.157154, -0.00102514, 0.16685, 0.985982; 
1.6, 0.940775, 0.337069, -0.0364248, -0.338351, 0.926652, -0.163811, -0.0214625, 0.166434, 0.985819; 
1.61, 0.941308, 0.337156, -0.0162661, -0.334919, 0.926892, -0.169411, -0.0420409, 0.164916, 0.985411; 
1.62, 0.941391, 0.337292, 0.00412368, -0.33147, 0.92727, -0.174062, -0.0625335, 0.162494, 0.984726; 
1.63, 0.941008, 0.337479, 0.0247396, -0.328065, 0.927787, -0.177719, -0.0829295, 0.159119, 0.98377; 
1.64, 0.940146, 0.337719, 0.045521, -0.324791, 0.928452, -0.180243, -0.103136, 0.15467, 0.982568; 
1.65, 0.938803, 0.338014, 0.0663046, -0.321764, 0.929268, -0.181464, -0.122952, 0.149024, 0.98116; 
1.66, 0.937001, 0.338316, 0.0870115, -0.318904, 0.930104, -0.182227, -0.14258, 0.142999, 0.979399; 
1.67, 0.934722, 0.338682, 0.107651, -0.316505, 0.931119, -0.181221, -0.161612, 0.135319, 0.977533; 
1.68, 0.932059, 0.339005, 0.127831, -0.31422, 0.932015, -0.180594, -0.180363, 0.128157, 0.975215; 
1.69, 0.928958, 0.339375, 0.147854, -0.312493, 0.933042, -0.178273, -0.198455, 0.119405, 0.972809; 
1.7, 0.925392, 0.339791, 0.167903, -0.311453, 0.934196, -0.173998, -0.215978, 0.108723, 0.970326; 
1.71, 0.921539, 0.340146, 0.18726, -0.310603, 0.935183, -0.170171, -0.233006, 0.0986554, 0.967458; 
1.72, 0.91731, 0.34052, 0.206371, -0.310532, 0.936221, -0.164498, -0.249224, 0.0868111, 0.964547; 
1.73, 0.912798, 0.340859, 0.224976, -0.310982, 0.937167, -0.158139, -0.264744, 0.0743858, 0.961446; 
1.74, 0.907987, 0.341172, 0.243231, -0.312167, 0.938042, -0.150431, -0.279484, 0.060661, 0.958232; 
1.75, 0.903023, 0.341423, 0.26073, -0.31383, 0.938748, -0.142351, -0.293362, 0.0467214, 0.954859; 
1.76, 0.897851, 0.34162, 0.277776, -0.316208, 0.939304, -0.133119, -0.306392, 0.0316865, 0.951378; 
1.77, 0.892604, 0.34174, 0.294062, -0.319013, 0.939648, -0.123658, -0.318574, 0.0165682, 0.947753; 
1.78, 0.887234, 0.341781, 0.309841, -0.322543, 0.939779, -0.113051, -0.329821, 0.00036553, 0.944043; 
1.79, 0.881891, 0.341733, 0.324786, -0.326465, 0.939663, -0.102243, -0.340129, -0.0158639, 0.940245; 
1.8, 0.876536, 0.341584, 0.339123, -0.331045, 0.939272, -0.0904319, -0.349418, -0.032998, 0.936386; 
1.81, 0.871307, 0.341332, 0.352586, -0.336029, 0.938596, -0.0782473, -0.357644, -0.0503015, 0.932502; 
1.82, 0.866141, 0.34096, 0.365439, -0.341574, 0.93759, -0.0652066, -0.364865, -0.0683463, 0.928549; 
1.83, 0.861211, 0.340473, 0.377352, -0.347438, 0.93627, -0.0518262, -0.370949, -0.0864733, 0.924618; 
1.84, 0.85655, 0.339863, 0.38835, -0.353638, 0.934613, -0.0379349, -0.375849, -0.104842, 0.920731; 
1.85, 0.85203, 0.33912, 0.398801, -0.360172, 0.932589, -0.0235278, -0.379896, -0.12359, 0.916736; 
1.86, 0.847809, 0.338265, 0.408408, -0.366797, 0.930257, -0.00905835, -0.382988, -0.142123, 0.912755; 
1.87, 0.843848, 0.337228, 0.417371, -0.37395, 0.927424, 0.00671738, -0.384815, -0.161744, 0.908711; 
1.88, 0.84029, 0.336068, 0.425406, -0.381103, 0.924256, 0.0226233, -0.385581, -0.181134, 0.90472; 
1.89, 0.837158, 0.334795, 0.432527, -0.388182, 0.920774, 0.0386087, -0.385334, -0.200221, 0.900794; 
1.9, 0.834454, 0.33342, 0.438768, -0.395109, 0.917011, 0.0545868, -0.384155, -0.218911, 0.896941; 
1.91, 0.832206, 0.331911, 0.44415, -0.401996, 0.912883, 0.0710283, -0.381881, -0.237656, 0.893133; 
1.92, 0.830528, 0.330325, 0.448451, -0.40855, 0.908541, 0.0874069, -0.378563, -0.255808, 0.889523; 
1.93, 0.829256, 0.328646, 0.452024, -0.414853, 0.903943, 0.103849, -0.374474, -0.27364, 0.88594; 
1.94, 0.828526, 0.326833, 0.454671, -0.420981, 0.898973, 0.120922, -0.369216, -0.291595, 0.882413; 
1.95, 0.828078, 0.324979, 0.456811, -0.426667, 0.893894, 0.137511, -0.363652, -0.308776, 0.878871; 
1.96, 0.82816, 0.323082, 0.458006, -0.431864, 0.888695, 0.153997, -0.357274, -0.32533, 0.875509; 
1.97, 0.828819, 0.321105, 0.458203, -0.436633, 0.883275, 0.170811, -0.349872, -0.341638, 0.872281; 
1.98, 0.829604, 0.318996, 0.458257, -0.441228, 0.877493, 0.187947, -0.342163, -0.358117, 0.868721; 
1.99, 0.831044, 0.316983, 0.457043, -0.444916, 0.871973, 0.204235, -0.33379, -0.373074, 0.865679; 
2, 0.832847, 0.314876, 0.455213, -0.448225, 0.866196, 0.220905, -0.324746, -0.388018, 0.862544; 
2.01, 0.834993, 0.312671, 0.452795, -0.451131, 0.860148, 0.237963, -0.315066, -0.402968, 0.859273; 
2.02, 0.837579, 0.310484, 0.449513, -0.453351, 0.854149, 0.254758, -0.304852, -0.417167, 0.856176; 
2.03, 0.840807, 0.308463, 0.444853, -0.454534, 0.848606, 0.270678, -0.29401, -0.429789, 0.853721; 
2.04, 0.844263, 0.30653, 0.439612, -0.455067, 0.843302, 0.285931, -0.283079, -0.441454, 0.85146; 
2.05, 0.847828, 0.304598, 0.434059, -0.455157, 0.838001, 0.300976, -0.272065, -0.452741, 0.849121; 
2.06, 0.851783, 0.302701, 0.427596, -0.454562, 0.832795, 0.315953, -0.260461, -0.463493, 0.846956; 
2.07, 0.855893, 0.300722, 0.420729, -0.453552, 0.827366, 0.331294, -0.248469, -0.474375, 0.84453; 
2.08, 0.859864, 0.298468, 0.414188, -0.45252, 0.821179, 0.347694, -0.236347, -0.486398, 0.841164; 
2.09, 0.864537, 0.296801, 0.405567, -0.449945, 0.816606, 0.361529, -0.223886, -0.495038, 0.839531; 
2.1, 0.869027, 0.29462, 0.397481, -0.44754, 0.81062, 0.377627, -0.21095, -0.506056, 0.836306; 
2.11, 0.874051, 0.293431, 0.387212, -0.443476, 0.807356, 0.389238, -0.198404, -0.511933, 0.835799; 
2.12, 0.8789, 0.291796, 0.377346, -0.439492, 0.802868, 0.402803, -0.185423, -0.519864, 0.833882; 
2.13, 0.88379, 0.290236, 0.366985, -0.434989, 0.798588, 0.415983, -0.172336, -0.527276, 0.832034; 
2.14, 0.888908, 0.289064, 0.355366, -0.42959, 0.79537, 0.427596, -0.159045, -0.532755, 0.83119; 
2.15, 0.893802, 0.287667, 0.344043, -0.424117, 0.791536, 0.439995, -0.14575, -0.539183, 0.829481; 
2.16, 0.89861, 0.286478, 0.332312, -0.418217, 0.78827, 0.451358, -0.132648, -0.544573, 0.828157; 
2.17, 0.903448, 0.285523, 0.319779, -0.411738, 0.785651, 0.461763, -0.11939, -0.548843, 0.827355; 
2.18, 0.908233, 0.284314, 0.307047, -0.404909, 0.782332, 0.473293, -0.105649, -0.554186, 0.825661; 
2.19, 0.91293, 0.283409, 0.293664, -0.397613, 0.779845, 0.483472, -0.0919921, -0.558141, 0.824631; 
2.2, 0.917536, 0.282846, 0.279511, -0.389862, 0.7783, 0.492196, -0.0783276, -0.560578, 0.824389; 
2.21, 0.92179, 0.282365, 0.265657, -0.382175, 0.776981, 0.500242, -0.0651594, -0.562645, 0.824127; 
2.22, 0.925967, 0.281926, 0.251203, -0.374062, 0.775776, 0.508182, -0.0516073, -0.564525, 0.823801; 
2.23, 0.929965, 0.28155, 0.236421, -0.365685, 0.774742, 0.5158, -0.0379421, -0.566132, 0.823441; 
2.24, 0.933765, 0.281322, 0.221228, -0.357068, 0.774116, 0.52273, -0.0242007, -0.5671, 0.823293; 
2.25, 0.93728, 0.281023, 0.206234, -0.348416, 0.773296, 0.529735, -0.0106126, -0.568365, 0.822708; 
2.26, 0.940605, 0.280955, 0.190595, -0.339488, 0.773109, 0.535771, 0.00317706, -0.568653, 0.822571; 
2.27, 0.943614, 0.281063, 0.174918, -0.330625, 0.773406, 0.540861, 0.016733, -0.568196, 0.822723; 
2.28, 0.946322, 0.2814, 0.159024, -0.321813, 0.774332, 0.544835, 0.0301796, -0.566766, 0.823326; 
2.29, 0.94878, 0.281715, 0.143015, -0.312896, 0.775196, 0.548787, 0.0437371, -0.565427, 0.823638; 
2.3, 0.95092, 0.28239, 0.126517, -0.30408, 0.777048, 0.551119, 0.0573203, -0.562541, 0.82478; 
2.31, 0.952758, 0.28302, 0.110232, -0.295367, 0.778779, 0.55341, 0.07078, -0.559825, 0.825582; 
2.32, 0.954304, 0.283805, 0.093585, -0.286666, 0.780933, 0.554947, 0.0844131, -0.556416, 0.826605; 
2.33, 0.955502, 0.284732, 0.0771007, -0.278304, 0.783479, 0.555615, 0.0977947, -0.552348, 0.827857; 
2.34, 0.956407, 0.285631, 0.0608334, -0.270099, 0.785946, 0.556179, 0.11105, -0.548364, 0.828833; 
2.35, 0.956976, 0.286751, 0.0443888, -0.262196, 0.789022, 0.555606, 0.124297, -0.54334, 0.83026; 
2.36, 0.957242, 0.287929, 0.0280266, -0.254539, 0.792253, 0.554567, 0.137472, -0.537989, 0.831667; 
2.37, 0.957197, 0.289195, 0.0118275, -0.247244, 0.795731, 0.552886, 0.150481, -0.532145, 0.833173; 
2.38, 0.956816, 0.29066, -0.00453519, -0.24034, 0.799751, 0.550122, 0.163526, -0.525276, 0.835072; 
2.39, 0.956123, 0.292226, -0.020797, -0.233857, 0.804049, 0.546641, 0.176464, -0.517792, 0.837109; 
2.4, 0.955172, 0.293772, -0.0366758, -0.227751, 0.808294, 0.542947, 0.189148, -0.510254, 0.838966; 
2.41, 0.953903, 0.295483, -0.0525176, -0.222201, 0.812988, 0.538216, 0.20173, -0.501737, 0.841169; 
2.42, 0.952373, 0.297242, -0.068066, -0.217158, 0.817817, 0.532934, 0.214076, -0.492771, 0.843415; 
2.43, 0.950614, 0.299008, -0.083224, -0.2126, 0.822663, 0.527283, 0.226127, -0.483549, 0.845604; 
2.44, 0.948582, 0.300901, -0.0982449, -0.208678, 0.827855, 0.520681, 0.238006, -0.473407, 0.84808; 
2.45, 0.946281, 0.302933, -0.11307, -0.20551, 0.833432, 0.512988, 0.249637, -0.462193, 0.850917; 
2.46, 0.943802, 0.30496, -0.127423, -0.202931, 0.838995, 0.504882, 0.260876, -0.450651, 0.853731; 
2.47, 0.941128, 0.307025, -0.141471, -0.200973, 0.84466, 0.496145, 0.271824, -0.438504, 0.856636; 
2.48, 0.938231, 0.30921, -0.155279, -0.199872, 0.850654, 0.486251, 0.282442, -0.42518, 0.859912; 
2.49, 0.935275, 0.311281, -0.16842, -0.199211, 0.856335, 0.476451, 0.292534, -0.412061, 0.862919; 
2.5, 0.932204, 0.313382, -0.181071, -0.199319, 0.862098, 0.465895, 0.302104, -0.398219, 0.866115; 
2.51, 0.929066, 0.315451, -0.1932, -0.200038, 0.867773, 0.454923, 0.311159, -0.384006, 0.869321; 
2.52, 0.925731, 0.317651, -0.205232, -0.201743, 0.873805, 0.442452, 0.319878, -0.368188, 0.872992; 
2.53, 0.922593, 0.319586, -0.216073, -0.203598, 0.879113, 0.430939, 0.327675, -0.353589, 0.87613; 
2.54, 0.91931, 0.321647, -0.226743, -0.206515, 0.884763, 0.417787, 0.334994, -0.33725, 0.879796; 
2.55, 0.916204, 0.323512, -0.236455, -0.209645, 0.889874, 0.405182, 0.341496, -0.321658, 0.883129; 
2.56, 0.913077, 0.3254, -0.245774, -0.213598, 0.895049, 0.391488, 0.34737, -0.304962, 0.886754; 
2.57, 0.910078, 0.327164, -0.254404, -0.217888, 0.899883, 0.377803, 0.352537, -0.288399, 0.890249; 
2.58, 0.907162, 0.328907, -0.262447, -0.222928, 0.904656, 0.363181, 0.356877, -0.270957, 0.893992; 
2.59, 0.904383, 0.330581, -0.26983, -0.228554, 0.909241, 0.347914, 0.360354, -0.252977, 0.897857; 
2.6, 0.901707, 0.332233, -0.27667, -0.234997, 0.913763, 0.331382, 0.362906, -0.233793, 0.90202; 
2.61, 0.899302, 0.33371, -0.282655, -0.241539, 0.917807, 0.315103, 0.364575, -0.2151, 0.905989; 
2.62, 0.89732, 0.33498, -0.287411, -0.247966, 0.921281, 0.29959, 0.365143, -0.19756, 0.909747; 
2.63, 0.895524, 0.336185, -0.291577, -0.254884, 0.924574, 0.283192, 0.364789, -0.179286, 0.913666; 
2.64, 0.893907, 0.337314, -0.295213, -0.262257, 0.927659, 0.265838, 0.363528, -0.160213, 0.917703; 
2.65, 0.892708, 0.338266, -0.297739, -0.269428, 0.930258, 0.249056, 0.361221, -0.142115, 0.921587; 
2.66, 0.891891, 0.339086, -0.29925, -0.276591, 0.932496, 0.23227, 0.357808, -0.12439, 0.925473; 
2.67, 0.891308, 0.339811, -0.300163, -0.283918, 0.934471, 0.214834, 0.353497, -0.106261, 0.929381; 
2.68, 0.891039, 0.34042, -0.300273, -0.291209, 0.936126, 0.197144, 0.348206, -0.0882209, 0.933258; 
2.69, 0.891169, 0.340893, -0.29935, -0.298139, 0.937409, 0.179937, 0.341953, -0.0711062, 0.937023; 
2.7, 0.89157, 0.341271, -0.297721, -0.30509, 0.938432, 0.162066, 0.334699, -0.0536616, 0.940796; 
2.71, 0.892313, 0.341535, -0.295181, -0.311646, 0.939141, 0.144536, 0.326581, -0.0369796, 0.944445; 
2.72, 0.893434, 0.3417, -0.291577, -0.317849, 0.939576, 0.127155, 0.317408, -0.0209271, 0.948058; 
2.73, 0.894821, 0.341775, -0.287203, -0.323676, 0.939767, 0.109873, 0.307456, -0.00535607, 0.951547; 
2.74, 0.896518, 0.341769, -0.281868, -0.329055, 0.939736, 0.092839, 0.29661, 0.00951822, 0.954951; 
2.75, 0.898473, 0.341691, -0.275669, -0.334027, 0.939507, 0.0758398, 0.284907, 0.0239409, 0.958256; 
2.76, 0.900672, 0.341553, -0.268575, -0.338465, 0.939112, 0.0592387, 0.272455, 0.0375485, 0.961436; 
2.77, 0.903061, 0.341361, -0.260678, -0.342407, 0.938573, 0.042879, 0.259303, 0.0505358, 0.964473; 
2.78, 0.905652, 0.341134, -0.251837, -0.345744, 0.937936, 0.027154, 0.24547, 0.0624791, 0.967389; 
2.79, 0.908375, 0.340873, -0.242199, -0.348579, 0.937207, 0.0116759, 0.230971, 0.0738194, 0.970156; 
2.8, 0.911155, 0.340573, -0.231964, -0.35099, 0.936371, -0.00389287, 0.215879, 0.084964, 0.972717; 
2.81, 0.914012, 0.340249, -0.220937, -0.352888, 0.935468, -0.0192457, 0.200131, 0.0955568, 0.975098; 
2.82, 0.916953, 0.339945, -0.20889, -0.354077, 0.934624, -0.0332722, 0.183923, 0.104472, 0.977373; 
2.83, 0.919859, 0.339635, -0.196233, -0.354795, 0.933762, -0.0469998, 0.167272, 0.112856, 0.97943; 
2.84, 0.922739, 0.339341, -0.182758, -0.354979, 0.932947, -0.060001, 0.150143, 0.120241, 0.981325; 
2.85, 0.925519, 0.339057, -0.168687, -0.354709, 0.93216, -0.0725222, 0.132655, 0.126956, 0.982998; 
2.86, 0.928168, 0.338799, -0.154012, -0.353983, 0.931445, -0.0842983, 0.114893, 0.132761, 0.984466; 
2.87, 0.930652, 0.338574, -0.138761, -0.352841, 0.93082, -0.0952716, 0.0969047, 0.137625, 0.985733; 
2.88, 0.932931, 0.338375, -0.12305, -0.351342, 0.930269, -0.105635, 0.0787255, 0.141783, 0.986762; 
2.89, 0.934991, 0.338213, -0.106793, -0.349506, 0.929819, -0.115248, 0.06032, 0.145081, 0.987579; 
2.9, 0.936795, 0.338093, -0.0900476, -0.347377, 0.929487, -0.12403, 0.0417644, 0.147471, 0.988184; 
2.91, 0.938313, 0.33802, -0.0728822, -0.345012, 0.929285, -0.131894, 0.0231457, 0.148903, 0.988581; 
2.92, 0.939516, 0.337983, -0.0554749, -0.342476, 0.929184, -0.139024, 0.00455845, 0.149614, 0.988734; 
2.93, 0.940395, 0.338005, -0.0375609, -0.339792, 0.929244, -0.145079, -0.0141343, 0.149195, 0.988707; 
2.94, 0.940926, 0.338041, -0.0196577, -0.337029, 0.929342, -0.150782, -0.0327016, 0.1485, 0.988372; 
2.95, 0.941093, 0.338145, -0.00147297, -0.33427, 0.929632, -0.155073, -0.0510678, 0.14643, 0.987902; 
2.96, 0.940883, 0.338305, 0.0170231, -0.331556, 0.930074, -0.158221, -0.0693595, 0.143223, 0.987257; 
2.97, 0.940312, 0.338474, 0.0353544, -0.328904, 0.930542, -0.160977, -0.0873853, 0.139741, 0.986325; 
2.98, 0.939356, 0.338689, 0.0538487, -0.326406, 0.93114, -0.162597, -0.10521, 0.13516, 0.985222; 
2.99, 0.938045, 0.338914, 0.0721694, -0.324045, 0.931762, -0.163751, -0.122742, 0.13022, 0.983858; 
3, 0.936328, 0.339197, 0.0907497, -0.321997, 0.932547, -0.163323, -0.140027, 0.123703, 0.98239; 
3.01, 0.934275, 0.339484, 0.109001, -0.320215, 0.933344, -0.162267, -0.156823, 0.116699, 0.980708; 
3.02, 0.931875, 0.339785, 0.127106, -0.31876, 0.93418, -0.160311, -0.173211, 0.108874, 0.978849; 
3.03, 0.929126, 0.340105, 0.145098, -0.317747, 0.93507, -0.157105, -0.189109, 0.0998658, 0.976865; 
3.04, 0.926083, 0.340413, 0.162756, -0.317093, 0.935926, -0.153279, -0.204506, 0.0903406, 0.974688; 
3.05, 0.922789, 0.340697, 0.179961, -0.316765, 0.936715, -0.149079, -0.219363, 0.0805632, 0.972311; 
3.06, 0.919206, 0.340978, 0.196964, -0.317006, 0.937498, -0.14354, -0.233597, 0.0695042, 0.969846; 
3.07, 0.915513, 0.341207, 0.213108, -0.317456, 0.938139, -0.138263, -0.247101, 0.0589289, 0.967196; 
3.08, 0.911512, 0.34143, 0.229283, -0.318699, 0.938766, -0.130953, -0.259954, 0.0462937, 0.964511; 
3.09, 0.907413, 0.341598, 0.244769, -0.320252, 0.939241, -0.123553, -0.272103, 0.0337253, 0.961677; 
3.1, 0.903121, 0.34172, 0.260002, -0.322432, 0.93959, -0.114927, -0.283568, 0.0199598, 0.958744; 
3.11, 0.898819, 0.341776, 0.274433, -0.324884, 0.939759, -0.106313, -0.294236, 0.00639747, 0.955711; 
3.12, 0.894354, 0.341764, 0.288665, -0.328227, 0.939741, -0.0956762, -0.303969, -0.00917919, 0.952638; 
3.13, 0.89006, 0.34168, 0.301743, -0.331486, 0.939525, -0.0860805, -0.312907, -0.023407, 0.949495; 
3.14, 0.885572, 0.341498, 0.314868, -0.335641, 0.939042, -0.0744668, -0.321105, -0.039737, 0.94621; 
3.15, 0.881377, 0.341238, 0.326699, -0.339905, 0.938341, -0.0630942, -0.328085, -0.055437, 0.94302; 
3.16, 0.877295, 0.340889, 0.337859, -0.344446, 0.937398, -0.0514058, -0.334232, -0.071276, 0.939792; 
3.17, 0.873189, 0.340426, 0.348784, -0.349473, 0.936143, -0.0387971, -0.33972, -0.0880133, 0.9364; 
3.18, 0.869346, 0.339865, 0.358789, -0.354715, 0.934617, -0.025847, -0.344115, -0.104798, 0.933061; 
3.19, 0.865759, 0.339187, 0.367986, -0.360264, 0.932771, -0.0121807, -0.347378, -0.122026, 0.929752; 
3.2, 0.862431, 0.338417, 0.376413, -0.365852, 0.930672, 0.00150684, -0.349807, -0.139011, 0.926451; 
3.21, 0.859376, 0.337541, 0.384107, -0.371556, 0.92828, 0.0155513, -0.35131, -0.156081, 0.923158; 
3.22, 0.856549, 0.336566, 0.391214, -0.377295, 0.925615, 0.0297557, -0.352099, -0.17309, 0.919819; 
3.23, 0.854092, 0.33549, 0.39746, -0.383028, 0.922675, 0.0442626, -0.351876, -0.190042, 0.916552; 
3.24, 0.852047, 0.334272, 0.402837, -0.388899, 0.919344, 0.0596998, -0.35039, -0.20753, 0.913323; 
3.25, 0.85044, 0.333075, 0.407202, -0.394158, 0.916067, 0.0738927, -0.348412, -0.223343, 0.910344; 
3.26, 0.849, 0.331676, 0.411327, -0.399757, 0.912238, 0.089531, -0.345533, -0.240442, 0.90708; 
3.27, 0.847923, 0.330243, 0.414689, -0.404972, 0.908314, 0.104706, -0.34209, -0.25672, 0.903919; 
3.28, 0.847456, 0.328725, 0.416844, -0.409905, 0.904157, 0.120327, -0.337338, -0.272838, 0.900979; 
3.29, 0.847046, 0.327111, 0.41894, -0.414711, 0.899736, 0.135975, -0.332457, -0.288916, 0.897775; 
3.3, 0.847275, 0.325507, 0.419726, -0.418908, 0.89534, 0.151268, -0.326559, -0.303992, 0.894957; 
3.31, 0.847757, 0.32384, 0.420043, -0.422813, 0.890774, 0.166589, -0.320215, -0.318826, 0.892083; 
3.32, 0.848777, 0.322105, 0.419315, -0.426303, 0.886018, 0.18231, -0.312798, -0.333496, 0.889347; 
3.33, 0.85013, 0.32042, 0.417863, -0.429191, 0.881397, 0.197319, -0.305078, -0.34709, 0.886823; 
3.34, 0.851609, 0.318594, 0.416246, -0.431955, 0.876392, 0.212958, -0.296948, -0.361156, 0.883962; 
3.35, 0.853354, 0.316799, 0.414036, -0.434187, 0.871471, 0.228081, -0.288564, -0.374403, 0.881223; 
3.36, 0.85569, 0.314917, 0.410635, -0.435891, 0.866308, 0.243946, -0.278914, -0.387735, 0.878561; 
3.37, 0.858294, 0.313152, 0.40653, -0.436902, 0.861466, 0.258828, -0.269159, -0.399765, 0.876208; 
3.38, 0.861154, 0.31141, 0.401794, -0.437384, 0.85669, 0.273455, -0.259056, -0.411225, 0.873947; 
3.39, 0.864178, 0.309791, 0.396518, -0.437276, 0.852248, 0.287164, -0.248971, -0.421549, 0.871957; 
3.4, 0.867686, 0.308134, 0.390095, -0.436536, 0.847703, 0.301391, -0.237815, -0.431803, 0.870052; 
3.41, 0.871117, 0.306489, 0.383692, -0.435506, 0.84319, 0.315223, -0.226913, -0.441696, 0.867995; 
3.42, 0.874815, 0.304909, 0.37647, -0.433859, 0.838854, 0.32877, -0.215559, -0.450947, 0.86613; 
3.43, 0.878609, 0.303389, 0.368785, -0.431736, 0.834684, 0.341916, -0.204085, -0.459628, 0.864345; 
3.44, 0.882833, 0.302118, 0.359626, -0.428672, 0.831196, 0.354054, -0.191954, -0.466732, 0.863316; 
3.45, 0.886695, 0.300324, 0.351537, -0.42597, 0.826273, 0.368542, -0.179783, -0.476528, 0.860581; 
3.46, 0.890835, 0.298981, 0.342088, -0.422306, 0.822587, 0.380801, -0.167545, -0.483696, 0.85905; 
3.47, 0.894996, 0.29785, 0.332065, -0.418135, 0.819485, 0.391928, -0.155387, -0.489622, 0.857977; 
3.48, 0.89911, 0.296718, 0.321808, -0.413659, 0.816377, 0.403008, -0.143137, -0.495467, 0.856752; 
3.49, 0.903264, 0.295625, 0.310998, -0.408732, 0.813376, 0.413953, -0.130584, -0.501024, 0.855525; 
3.5, 0.907382, 0.294476, 0.299904, -0.403464, 0.810225, 0.42515, -0.117794, -0.506774, 0.853994; 
3.51, 0.91144, 0.293682, 0.288146, -0.397754, 0.808044, 0.434576, -0.105208, -0.510702, 0.853297; 
3.52, 0.915443, 0.292924, 0.275971, -0.391694, 0.805964, 0.443845, -0.0924099, -0.514411, 0.85255; 
3.53, 0.919368, 0.29235, 0.263238, -0.385276, 0.80439, 0.452238, -0.0795343, -0.517192, 0.852166; 
3.54, 0.923208, 0.29185, 0.250021, -0.378516, 0.803018, 0.460312, -0.0664293, -0.519601, 0.851823; 
3.55, 0.926827, 0.291247, 0.236997, -0.371671, 0.801363, 0.468698, -0.0534135, -0.522487, 0.850973; 
3.56, 0.930346, 0.290987, 0.223121, -0.364465, 0.800649, 0.475527, -0.040269, -0.523724, 0.850935; 
3.57, 0.93362, 0.290592, 0.209546, -0.357226, 0.799564, 0.48279, -0.0272501, -0.525598, 0.850297; 
3.58, 0.936687, 0.290498, 0.19552, -0.349873, 0.799306, 0.488568, -0.0143524, -0.526043, 0.850337; 
3.59, 0.939575, 0.290394, 0.181302, -0.342341, 0.799021, 0.494336, -0.00131191, -0.526533, 0.850154; 
3.6, 0.94225, 0.290475, 0.166701, -0.334703, 0.799242, 0.499186, 0.0117664, -0.526153, 0.850308; 
3.61, 0.944713, 0.290658, 0.151776, -0.326947, 0.799744, 0.503502, 0.024965, -0.525287, 0.850558; 
3.62, 0.946898, 0.290907, 0.136959, -0.319286, 0.800427, 0.507319, 0.0379566, -0.524108, 0.850805; 
3.63, 0.948843, 0.291182, 0.122105, -0.311613, 0.801184, 0.510882, 0.0509317, -0.522797, 0.850934; 
3.64, 0.950512, 0.291708, 0.106929, -0.304053, 0.802628, 0.513167, 0.0638706, -0.520283, 0.851602; 
3.65, 0.951899, 0.292404, 0.0915905, -0.296643, 0.804536, 0.514514, 0.0767578, -0.516935, 0.852576; 
3.66, 0.953014, 0.293166, 0.0762789, -0.289385, 0.806629, 0.51537, 0.0895602, -0.513229, 0.853566; 
3.67, 0.953853, 0.294033, 0.0609024, -0.282302, 0.809008, 0.51557, 0.102324, -0.508971, 0.85468; 
3.68, 0.95442, 0.29496, 0.0456216, -0.275439, 0.811554, 0.51528, 0.114963, -0.50436, 0.855806; 
3.69, 0.954722, 0.295934, 0.0304836, -0.268814, 0.814226, 0.514562, 0.127456, -0.499458, 0.856911; 
3.7, 0.954739, 0.297054, 0.0152691, -0.262496, 0.8173, 0.512949, 0.139894, -0.49374, 0.858284; 
3.71, 0.954507, 0.29819, 0.00022555, -0.256422, 0.820418, 0.51104, 0.152202, -0.487849, 0.859557; 
3.72, 0.953966, 0.299545, -0.0148744, -0.250861, 0.824136, 0.507808, 0.16437, -0.4807, 0.861342; 
3.73, 0.953158, 0.300991, -0.0298933, -0.245699, 0.828104, 0.50386, 0.176412, -0.472914, 0.863268; 
3.74, 0.952118, 0.302451, -0.0446585, -0.240899, 0.832111, 0.499558, 0.188253, -0.46488, 0.865128; 
3.75, 0.950868, 0.303925, -0.058994, -0.236557, 0.836154, 0.494861, 0.199729, -0.456592, 0.866967; 
3.76, 0.949396, 0.305451, -0.0731192, -0.232659, 0.840343, 0.489585, 0.21099, -0.447798, 0.868884; 
3.77, 0.947678, 0.307095, -0.0871715, -0.229311, 0.844851, 0.483367, 0.222086, -0.438087, 0.871067; 
3.78, 0.945805, 0.308695, -0.100801, -0.226337, 0.849241, 0.477034, 0.232862, -0.428366, 0.873085; 
3.79, 0.943715, 0.310411, -0.114221, -0.224042, 0.85395, 0.469653, 0.243325, -0.417629, 0.875431; 
3.8, 0.941484, 0.312128, -0.127213, -0.222265, 0.85866, 0.461846, 0.253388, -0.406546, 0.87779; 
3.81, 0.939071, 0.31393, -0.139975, -0.221167, 0.863602, 0.453075, 0.263116, -0.394512, 0.880415; 
3.82, 0.936584, 0.315668, -0.152198, -0.220491, 0.868368, 0.444209, 0.272386, -0.382481, 0.882901; 
3.83, 0.933992, 0.317413, -0.164036, -0.220378, 0.873155, 0.434781, 0.281234, -0.369932, 0.88547; 
3.84, 0.93133, 0.319161, -0.175385, -0.220878, 0.877947, 0.424761, 0.289546, -0.356854, 0.888155; 
3.85, 0.928503, 0.321046, -0.186578, -0.222336, 0.883115, 0.413128, 0.297403, -0.342107, 0.891355; 
3.86, 0.925794, 0.322734, -0.196844, -0.223953, 0.887741, 0.402195, 0.304549, -0.328266, 0.894143; 
3.87, 0.922964, 0.324524, -0.206933, -0.226488, 0.892648, 0.38972, 0.311192, -0.31283, 0.897383; 
3.88, 0.920262, 0.326149, -0.216207, -0.229196, 0.8971, 0.37773, 0.317155, -0.298057, 0.900319; 
3.89, 0.91754, 0.327811, -0.225078, -0.232721, 0.901654, 0.3645, 0.32243, -0.282063, 0.903593; 
3.9, 0.914977, 0.32933, -0.23315, -0.23645, 0.905814, 0.351557, 0.326968, -0.266538, 0.906669; 
3.91, 0.912573, 0.330756, -0.240439, -0.240551, 0.90972, 0.338444, 0.330674, -0.251017, 0.90975; 
3.92, 0.910164, 0.332213, -0.24746, -0.245455, 0.91371, 0.323861, 0.333697, -0.234026, 0.913169; 
3.93, 0.908077, 0.333467, -0.253367, -0.250244, 0.917142, 0.310206, 0.335817, -0.218287, 0.916285; 
3.94, 0.906022, 0.334736, -0.258992, -0.255789, 0.920612, 0.295033, 0.33719, -0.201059, 0.919716; 
3.95, 0.904241, 0.335857, -0.263721, -0.261355, 0.923677, 0.280203, 0.337701, -0.184447, 0.923005; 
3.96, 0.902624, 0.336911, -0.267884, -0.267301, 0.926559, 0.264649, 0.337373, -0.167273, 0.92639; 
3.97, 0.901308, 0.337823, -0.271145, -0.273162, 0.929049, 0.2495, 0.336193, -0.15081, 0.92964; 
3.98, 0.900221, 0.338648, -0.273715, -0.279217, 0.931301, 0.233915, 0.334126, -0.13415, 0.932933; 
3.99, 0.899412, 0.339369, -0.275475, -0.285313, 0.933267, 0.218197, 0.331141, -0.117653, 0.936218; 
4, 0.89885, 0.339997, -0.276532, -0.29147, 0.934976, 0.20215, 0.327281, -0.101101, 0.939503; 
